[6.81927009]
[6.87431707]
[7.11881798]
[8.17415713]
[8.44628009]
[10.26239906]
[9.95519309]
[9.79588407]
[7.02474709]
[6.20677102]
[6.80970595]
[8.32230815]
[7.53526222]
[8.83115602]
[7.48510911]
[4.63048601]
[4.98945508]
[6.93732709]
[7.2887461]
[5.43938706]
[6.803654]
[10.13312902]
[10.46639394]
[8.62564507]
[12.05642808]
[11.44011602]
[8.93405013]
[10.32322608]
[10.76878015]
[10.11856315]
[10.54663808]
[9.95606103]
[8.99975995]
[10.27493706]
[7.26363407]
[7.265413]
[7.764223]
[5.61489706]
[3.59064115]
[3.14540905]
[4.07007209]
[4.22788808]
[3.62565707]
[3.70176503]
[4.72857608]
Time detection: 11.47
[6.28124407]
[5.25303212]
[5.67482604]
[6.43221696]
[7.93951997]
[9.53689898]
[10.08962308]
[4.6551811]
Time detection: 01.77
[4.10389111]
[9.52573505]
[9.49564594]
[9.53625309]
[7.75974006]
[6.68703604]
[9.18850006]
[8.78982405]
[4.66342711]
[7.1158941]
[6.12181414]
[8.01691703]
[6.71113508]
[7.38170706]
[5.90376005]
[5.97823412]
[5.67351809]
[5.05244009]
[6.88468698]
[9.04258602]
[8.32678897]
[5.73135411]
[7.07601794]
[6.90941603]
[11.01493897]
[6.77889606]
[6.21318217]
[7.37200698]
[7.91431814]
[7.51342707]
[6.6999301]
[3.81473208]
[4.00176716]
[3.75274611]
[4.49402807]
[4.14401707]
[5.64071499]
[4.32505901]
[3.11742806]
Time detection: 09.47
[4.18617205]
[2.46595516]
[3.58987708]
[2.99636116]
[4.77103412]
[5.82634012]
[4.36186419]
[5.34827913]
[5.39996114]
[4.74757306]
[5.41572011]
[4.94387608]
[4.00442213]
[5.74522209]
[7.05507911]
[8.03181805]
[10.29358814]
[10.73325602]
[10.01915007]
[8.47135199]
[10.91353902]
[11.92135109]
[11.85897003]
[5.89613512]
[6.09319407]
[7.08471709]
[8.69940513]
[10.13355207]
[8.35923409]
[7.72188508]
[7.71282913]
[8.65698307]
[7.94133406]
[8.63720205]
[8.75466206]
[8.53426002]
[8.04234607]
[9.77288496]
[9.43877794]
[8.78604989]
[8.06702803]
[11.15875704]
[9.24994005]
[10.78679209]
[8.46918911]
[11.02223811]
[7.25709514]
[7.03584916]
[4.34326903]
[5.22825512]
[3.8242711]
[6.73570703]
[5.28022408]
Time detection: 13.41
[3.92517408]
[2.90985508]
[3.70469904]
[3.79497916]
[5.100345]
[5.28529898]
[5.27793215]
[5.73126213]
[5.95654306]
[3.8101941]
[4.89257913]
[6.24235009]
[5.02884404]
[7.96655109]
[7.76742506]
[11.42895509]
[11.04873912]
[10.11035509]
[10.54212004]
[10.46081513]
[10.27013818]
[13.30949007]
[9.93409205]
[9.82508411]
[8.01048106]
[7.58192805]
[11.94213703]
[6.63396905]
[7.21334605]
[7.60494906]
[8.74928409]
[7.39176102]
[7.91487708]
[9.33579596]
[7.57409503]
Time detection: 08.63
[9.17776095]
[8.65350803]
[5.74914502]
[4.83499608]
[3.26539106]
[5.02480806]
[4.29153614]
[6.1091231]
[4.60496307]
[5.36743805]
[5.01667607]
[4.79651405]
[3.87438602]
[7.94437699]
[6.94420208]
[9.62436403]
[6.28274803]
[3.15561406]
Time detection: 04.54
[3.99674806]
[6.14226203]
[4.15300406]
[4.20147508]
[4.21612304]
[7.71028312]
[6.6536071]
[5.42714904]
[7.8747291]
[5.90638506]
[6.12559409]
[5.14919503]
[6.49816311]
[6.82784904]
[7.751354]
[6.86961308]
[7.67464903]
[7.375024]
Time detection: 04.09
[8.85046009]
[9.288423]
[7.78438912]
[6.72497896]
[7.60772705]
[7.06655404]
[7.57271711]
[14.23125807]
[12.98306311]
[11.23311717]
[10.17854309]
[9.51694102]
[9.20076908]
[7.99534795]
[8.58305808]
[11.08868394]
[7.59750011]
[7.02050399]
[6.88314902]
[8.31814697]
[5.81447793]
[6.40798403]
[6.8176711]
[7.85106407]
[6.90919005]
[6.07330107]
[7.58904708]
[6.30720405]
[6.42333099]
[5.31430505]
[8.64864602]
[8.81712198]
[7.01657603]
[8.40663404]
[7.32833306]
[11.04154906]
[10.05961106]
[8.04377607]
[6.22137305]
Time detection: 10.37
[8.58466505]
[9.28049204]
[8.19272612]
[8.76838895]
[9.63884005]
[8.35999611]
[7.53888802]
[9.51603103]
[9.99002998]
[7.739505]
[6.30051916]
[5.65030514]
[6.97576596]
[6.51483202]
[6.99083401]
[5.42343405]
[4.2727711]
[4.97377907]
[2.45253308]
[4.30299704]
[4.85720503]
[5.17007408]
[4.81583203]
[5.99120107]
[5.48845199]
[9.84944105]
[6.63875101]
[8.40198902]
Time detection: 06.60
[7.78415607]
[7.56600002]
[5.52888299]
[4.48690211]
[4.01902704]
[4.22818008]
[4.97902907]
[5.89422199]
[7.65082497]
[10.01704004]
[9.27946602]
[9.6330621]
[10.58748105]
[8.19057916]
[10.84230312]
[9.18546709]
[10.10308312]
[10.15300207]
[9.82114606]
[10.9424012]
[11.2116462]
[9.47793602]
[8.21406708]
[7.72087401]
[8.55947304]
[9.9630791]
[9.917701]
[9.25915202]
[9.08753099]
[8.23919312]
[7.70308608]
[6.24705305]
[5.71498396]
[7.20151413]
[8.23034713]
[8.34683907]
[5.66541508]
[5.89856204]
[8.1178291]
[7.19465695]
[6.9569271]
[5.29443599]
[6.12195394]
[5.59920808]
[6.47446398]
[6.89729002]
[7.10632207]
[6.93055506]
[6.99876907]
[6.76270103]
[5.25212403]
[4.7275521]
[4.64724509]
[5.07677107]
[4.13882007]
[4.40600213]
[4.85137613]
[5.11062904]
[5.18688207]
[4.90850001]
[5.23832799]
[3.56646809]
[2.45801612]
[1.36420114]
[3.24463715]
[6.00466208]
[5.69630901]
[7.74373106]
[7.88123808]
[7.524012]
[7.96167109]
[10.58766108]
[8.9122581]
[9.53260907]
[8.17331811]
[9.31242005]
[9.52923013]
[10.39279714]
[11.43936103]
[8.41469501]
[6.48480413]
[4.63276002]
[3.79258507]
[1.32209803]
[3.36401402]
[3.26945904]
[2.83203007]
[2.08279706]
[1.45476807]
[2.39659005]
[2.124173]
[3.66541708]
[2.91758406]
[1.64879314]
[0.636108]
[2.76209402]
[1.66640303]
[2.06994409]
[3.97511106]
[5.48170908]
[8.10157102]
[6.98425901]
Time detection: 25.59
[1.04359012]
[2.00670104]
[1.89100809]
[6.51830607]
[8.98595605]
[8.67018301]
[8.70157401]
[8.70666705]
[8.66043501]
[8.83619206]
[8.48093009]
[7.31800303]
[9.19333005]
[8.32308598]
[8.59552503]
[10.49442301]
[10.92438604]
[9.50963703]
[9.57299607]
[9.82637607]
[8.93155803]
[7.24325811]
[9.21216208]
[9.09998616]
[9.47132909]
[11.66331708]
[9.09302805]
[6.47010001]
[6.43871401]
[6.37872904]
[4.38986305]
[1.80285811]
[2.71610109]
[4.864003]
[3.99707405]
[4.52519412]
[4.71393109]
Time detection: 09.34
[2.19651215]
[3.8184951]
[5.34596807]
[3.67209806]
[3.07369705]
[4.04878605]
[4.70036307]
[3.96902107]
[3.26106408]
[4.05586709]
[4.31088809]
[5.80640009]
[6.57827701]
[6.63242312]
[8.23635804]
Time detection: 03.06
[8.05080914]
Time detection: 00.82
[4.90843309]
[7.19871811]
[4.828538]
[6.35337911]
[5.38097114]
Time detection: 01.15
[0.53639901]
[3.57276202]
[3.94230211]
Time detection: 00.66
[5.11869909]
[3.07131006]
[5.3335121]
[4.14142813]
[3.93832208]
[3.90942309]
[4.65981208]
[3.51617898]
[4.40440506]
[2.37881311]
[4.44279002]
[2.8880351]
[2.36514409]
[3.61767002]
[3.81787504]
Time detection: 03.05
[6.83733503]
[8.08403402]
[3.59201608]
Time detection: 00.70
[5.14345609]
[6.79943904]
[4.61361811]
[6.58740604]
[5.68298504]
[6.99213902]
[7.27900295]
[6.84198501]
[6.75919898]
[7.30977401]
[4.05278807]
Time detection: 02.71
[5.40712995]
[3.17755699]
Time detection: 00.39
[2.63873911]
Time detection: 00.24
[1.292796]
[2.60730608]
[2.63872503]
[3.61148302]
[4.54455009]
[6.56875805]
[3.34301402]
[2.62807407]
[4.06523006]
[6.01890605]
[5.29955609]
[6.83544212]
[5.15342407]
[7.52292412]
[6.42764514]
[7.23211508]
[6.32663703]
[7.70882]
[8.11724316]
[7.85085113]
[6.93588805]
[7.09163311]
[7.97404201]
[7.58677202]
[6.54973907]
[8.32771907]
[6.52553109]
[7.5835131]
[7.91075511]
[8.23903704]
[8.17113009]
[8.14435008]
[8.46113611]
[7.78236605]
[6.6138341]
[6.99404609]
[6.331407]
[7.70856301]
[7.15673502]
[8.27098109]
[7.40442099]
[6.93068811]
[6.7754869]
[8.25492397]
[6.95564103]
[7.02302005]
[7.66103704]
[6.46679502]
[5.99018305]
[6.99953998]
[7.93271106]
[5.16884605]
Time detection: 12.40
[1.84262708]
[3.3742291]
[4.14004206]
[4.00659802]
[2.863341]
[2.78998603]
Time detection: 01.30
[1.78086302]
[3.15360201]
[2.70465801]
[3.68488303]
[3.0917481]
[4.15913697]
[4.10358703]
[2.95410518]
[5.19807711]
[4.5666361]
[3.9805841]
[2.82772403]
[4.5704531]
[6.78018604]
[6.21018795]
[5.31201802]
[4.80741103]
[4.90605999]
[7.16115009]
[6.19872202]
[5.94954107]
[4.44271312]
[4.63078706]
[4.82494205]
[4.52357404]
[4.46713411]
[7.06974493]
[5.26262708]
[4.93936304]
[4.30671413]
[3.7219711]
[5.54264611]
[5.36675998]
[4.63039403]
[4.06847705]
[3.69208109]
[4.76708001]
[3.6633741]
[5.2911641]
[4.68620902]
[3.98825713]
[3.91420807]
[4.21931608]
[4.49553707]
[4.6823111]
[4.00268212]
[4.39185904]
Time detection: 10.40
[2.87058601]
[5.41051907]
[4.06394006]
[5.89549889]
[4.688888]
[5.01352807]
[5.00519305]
[4.67742504]
Time detection: 01.89
[0.70281105]
[2.59779608]
[4.13165711]
[4.60872416]
[3.69730904]
[4.75189113]
[4.77426702]
[4.8852391]
[5.29061812]
[4.49127502]
[6.27434912]
[5.65461497]
[7.20065909]
[8.73612905]
[6.82876307]
[8.81138292]
[6.67772803]
[7.01583504]
[6.93973106]
[4.93569304]
[4.52254696]
[4.29075102]
[4.35703805]
[4.61235703]
[3.30433298]
[4.02848394]
[3.89496011]
[4.39564299]
[3.19559505]
[3.75034097]
[3.10239801]
[5.01780602]
[4.91736406]
[5.50789498]
[6.67813395]
[8.28661907]
[6.06496402]
[6.5240701]
[8.65903603]
[6.19796302]
[6.95686802]
[6.45372802]
[6.60306513]
[7.49445215]
[8.5572152]
[6.4987511]
[7.32116618]
[7.97287709]
[6.27453997]
[4.75632911]
[3.97513002]
[4.10388605]
[4.83200015]
[5.65857809]
[4.96006701]
[3.73967501]
Time detection: 13.44
[3.46193009]
[4.87284401]
[6.54140302]
[5.66734904]
[6.31405609]
[5.36003711]
[5.03509406]
[4.80221212]
[7.07891812]
[5.03121511]
[4.13775206]
[4.27040608]
[5.00838607]
[4.93905719]
[4.81624892]
[5.04495798]
[5.82864807]
[2.36264409]
Time detection: 04.15
[5.53299603]
[3.52260709]
[2.39956111]
[3.56996795]
[6.40611106]
[5.52591995]
[7.23476111]
[6.83683601]
[4.25770806]
[5.29848013]
[4.89461106]
Time detection: 02.59
[4.19470894]
[3.1705271]
[3.59227509]
[4.98665308]
[5.06834404]
[4.25143411]
[5.5699981]
[6.28191608]
[5.62893611]
[4.8509291]
[2.20384609]
[1.69926507]
[2.77426707]
[3.21484411]
[2.84906313]
Time detection: 03.35
[2.46294099]
[1.607748]
[3.81136718]
[3.2401931]
[2.94722611]
[2.99713807]
[1.8448021]
[2.14994009]
[1.82131607]
[3.31320908]
[3.00469406]
[4.56621902]
[3.56427001]
[4.67685503]
Time detection: 02.90
[5.13324803]
[3.31898403]
[3.91528298]
[3.33375101]
[3.71930214]
[3.13701597]
[1.561354]
Time detection: 01.47
[2.24194905]
[3.81866103]
[7.07503598]
[5.95606605]
[1.30721806]
Time detection: 01.11
[1.98208291]
[5.01553593]
[7.42126816]
[8.62632725]
[7.98558407]
[7.5804061]
[7.91089505]
[8.1105711]
[7.72219513]
[8.44858008]
[7.74822312]
[9.31256811]
[6.28133611]
[6.00204307]
[5.65108807]
[6.52206117]
[7.47041397]
[9.10216706]
[7.14011797]
[7.74692804]
[8.56004903]
[8.76255907]
[4.52007409]
Time detection: 05.57
[1.96063704]
[4.21362197]
[6.941047]
[4.72357304]
[5.044765]
[7.29835301]
[6.90983503]
[8.69821697]
[8.08328618]
[8.27722514]
[6.06746805]
[6.72874306]
[6.71596197]
[3.98255212]
[5.38614012]
[6.21786616]
[5.51871913]
[6.2536311]
[3.95382118]
[5.05699418]
[5.05936016]
[6.17137812]
[5.8669471]
[5.02116404]
[6.10646313]
[6.10411511]
[6.87525721]
[4.66017613]
[6.32576716]
[6.43222419]
[7.33603116]
[7.32755512]
[5.46853616]
[5.56008511]
Time detection: 08.08
[4.26728918]
Time detection: 00.25
[4.22545515]
[3.80926704]
[3.77753105]
[4.25314204]
[3.92307404]
[3.84901608]
[5.62756605]
[3.35733407]
Time detection: 02.09
[2.38621705]
[2.41813714]
[4.57386813]
[4.73773607]
[3.31257203]
[5.22562613]
[5.03073505]
[5.24650006]
[5.15012017]
[5.73813319]
[4.60720304]
[5.15669607]
[4.59677204]
[4.21528198]
[3.91517999]
[4.29799012]
[4.64769498]
[4.39315611]
[5.71432205]
[4.37001711]
[4.69909699]
[7.01392204]
[8.50421318]
[8.54475202]
[7.83542095]
[7.89439105]
[8.31030297]
[6.67606107]
[5.68917299]
[6.70427601]
[6.1395221]
[6.38162309]
[3.92882904]
Time detection: 07.77
[1.44802792]
[4.11940902]
[2.58199294]
[4.83949803]
[8.21743411]
[7.41597308]
[7.53771604]
[6.98985107]
[6.92945308]
[6.04383808]
[6.98605097]
[7.10265004]
[6.96547312]
[7.21597009]
[7.68875202]
[7.915828]
[8.66689404]
[6.62666509]
[6.72864015]
[7.01793804]
[6.00741812]
[5.55337913]
[5.06103113]
[6.21814205]
[6.85487809]
[5.864841]
[7.82265914]
[7.04450718]
[7.40191511]
[6.19110813]
[6.29501818]
[4.83041006]
[5.12299006]
[3.68385809]
[1.62496113]
[0.22937407]
[3.35001899]
[4.92608202]
[3.34361503]
Time detection: 08.59
[3.35367395]
[4.49296707]
[3.36176809]
[4.68025095]
Time detection: 00.87
[4.45930314]
[3.61862005]
[5.070051]
[5.20193113]
[5.09822714]
[5.28927209]
[4.39852707]
[5.56367806]
[5.33014613]
[3.09985108]
[2.62945911]
[4.10690911]
[4.25009308]
[5.2625951]
[5.9540341]
[6.88396712]
[6.39286709]
[6.04951006]
[6.94225206]
[6.12560807]
[3.48710199]
Time detection: 04.84
[3.52937513]
[4.91646407]
[4.18610212]
[4.35346213]
[6.36985214]
[4.84401313]
[4.61028116]
[5.17553813]
[2.69514612]
[3.4599151]
[3.76465005]
[2.57180003]
[3.08276594]
[4.62268691]
[4.85577106]
[5.30931409]
[4.26889405]
[5.89064314]
[5.29750413]
[5.25928001]
[7.89747604]
[7.18825506]
[7.93021005]
[7.1599151]
[5.84472612]
[8.52743908]
[6.21397214]
[5.42153604]
[4.17495313]
[5.22279696]
[4.86407209]
[5.59218705]
[5.80634015]
[6.44578614]
[6.60082812]
[5.23981111]
[5.86985304]
[6.93015914]
[5.36803712]
[5.30759012]
[6.69485809]
[8.66383211]
[9.26101205]
[8.42041306]
[6.81944204]
[7.64733103]
[8.67505709]
[7.25465399]
[7.17154013]
[9.21268709]
[7.82694613]
[10.02308904]
[8.35125006]
[8.66601207]
[8.56535409]
[9.46453005]
[9.74725202]
[8.5243311]
[7.9981871]
[9.17087809]
[9.09282308]
[8.66925107]
[7.85940809]
[8.6792061]
[8.45062009]
[9.18182211]
[8.1214241]
[10.36236308]
[9.12124804]
[8.58842612]
[9.1749681]
[9.23046107]
[7.41912511]
[8.642655]
[8.95606907]
[9.40459405]
[8.58331406]
[8.90499206]
[7.98951611]
[8.32354412]
[6.7304791]
[4.79838311]
[4.05649706]
[2.55789201]
[4.80896201]
[3.30785601]
[2.09250201]
[1.98976603]
[0.20647608]
[1.59263605]
[1.9116991]
[3.31393812]
[2.5190381]
[3.71068605]
[2.52034307]
[5.01680504]
[5.56772802]
[3.95146316]
[4.69098601]
Time detection: 22.35
[0.97871407]
[3.30093409]
[5.40725313]
[4.28674411]
[7.39671613]
[6.95767905]
[5.36895816]
[5.37947208]
[6.18404515]
[5.64229207]
[5.63157301]
[5.72880613]
[5.70311007]
[4.99331316]
[5.20841413]
[6.03791111]
[7.08160409]
[6.09319006]
[6.49079712]
[6.74495413]
[5.24501308]
[7.10472301]
[7.12847109]
[7.21333606]
[10.00586408]
[10.36745405]
[8.26394409]
[7.95148002]
[7.62698109]
[5.622352]
[7.53426907]
[8.23999908]
[11.44400706]
[9.45338709]
[10.65442598]
[10.98299309]
Time detection: 11.28
[10.12301505]
[9.18334603]
[8.85427103]
[9.18382003]
[5.45196807]
[6.81469622]
[5.456059]
[5.89942419]
[4.41910515]
[4.77799412]
[4.81991508]
[5.3452101]
[5.76275615]
[3.76146915]
[2.87496621]
Time detection: 04.38
[2.56184917]
Time detection: 00.36
[1.97581704]
Time detection: 00.24
[1.97622811]
[1.12183911]
[4.82453707]
[3.9151361]
[3.28484512]
[4.22750813]
[7.02248911]
[4.04352406]
[3.04704411]
[2.53628801]
[2.56923512]
[3.3472221]
[2.90378706]
[3.42268706]
[3.71129209]
Time detection: 03.37
[5.05381018]
[4.17633513]
[6.0428471]
[6.60909011]
[7.8612051]
[8.65990017]
[7.50892911]
[8.03987412]
[7.70607608]
[5.94117009]
[6.53288112]
[6.33389213]
[5.97758203]
[5.9013401]
[8.51678606]
[7.78633503]
[9.48601605]
[9.17857611]
[11.91968806]
[9.45082406]
[10.56015113]
[7.91897711]
[6.63704515]
[6.55798705]
[6.70442011]
[7.219353]
[9.44835603]
[11.9063611]
[11.59472418]
[10.51770714]
[8.50724601]
[8.2217861]
[9.41929507]
[8.49169502]
[6.44144201]
[5.85470009]
[7.19442401]
[7.8307731]
[7.83140107]
[9.92801404]
[10.21350409]
[11.0919501]
[9.12043904]
[9.5676581]
[9.06592712]
[9.38363114]
[9.58950311]
[7.58943815]
[8.34263814]
[7.80277513]
[6.78190111]
[5.22612406]
[4.27368318]
[3.29561312]
[2.7963331]
Time detection: 17.55
[4.68854612]
[8.21774209]
[7.53086013]
[7.66492316]
[10.88544305]
[9.74044905]
[10.69442509]
[9.01059413]
[8.80731208]
[7.56041604]
[8.97995105]
[9.76707912]
[9.25331111]
[8.77938208]
[8.99728801]
[9.9405441]
[10.12595503]
[9.79823001]
[8.62515607]
[7.24157812]
[8.98264306]
[7.22826805]
[7.47191014]
[8.52114212]
[9.13236504]
[8.67660508]
[10.83594712]
[10.94371819]
[9.42337017]
[9.12600414]
[8.42007911]
[8.41592409]
[9.40595814]
[10.3295692]
[9.63644702]
[9.73752409]
[9.11526501]
[8.2598481]
[9.48115815]
[6.47692106]
[5.68778706]
[6.49600506]
[4.90432107]
[4.26192409]
[4.9261681]
[4.74680607]
[4.55670409]
[4.98359304]
[4.70959507]
[5.92069808]
[4.33684306]
[6.52905608]
[4.484148]
[8.42056814]
[8.82689203]
[10.71857107]
[10.27096809]
[8.1882591]
Time detection: 17.38
[6.55064115]
[8.68911705]
[8.40899806]
[11.1193231]
[9.64717012]
[9.10618221]
[8.67506716]
[6.80222505]
[6.1701282]
[4.73661616]
[5.71534408]
[3.70818112]
[3.66661411]
[4.51947215]
[3.92250612]
[5.30071717]
[3.66201813]
Time detection: 05.22
[2.1416932]
[5.62510315]
[5.06413812]
[4.6546651]
[4.76844919]
[4.99350211]
[6.10436412]
[4.92309316]
[3.86636012]
[3.59038917]
[4.09514614]
[4.20699019]
[4.20295209]
[3.75662618]
[5.2788901]
[5.08292215]
[7.1154511]
[8.10808515]
[7.60848116]
[7.45032204]
[6.37025116]
[5.46813617]
[5.48796803]
[7.4826391]
[8.27090807]
[7.1390041]
[7.23134411]
[8.85284798]
[7.35756902]
[7.28739712]
[9.58256207]
[9.21868102]
[9.49681912]
[9.76489308]
[11.08022006]
[9.73543107]
[9.67489513]
[9.55211509]
[10.1840341]
[10.60754901]
[10.70029011]
[9.11275812]
[9.98525399]
Time detection: 12.90
[9.16416004]
[10.72996218]
[9.07069409]
[9.06408702]
[7.7059921]
[7.53033609]
[9.26499013]
[7.29446307]
[7.57181412]
[8.20081711]
[6.61268308]
[8.30675314]
[9.64991002]
[8.82784705]
[8.41824608]
[8.96739711]
[9.93978711]
[10.8682701]
[10.95775205]
[11.9569201]
[9.64301012]
[11.15629301]
[7.63788611]
[6.83095908]
[6.70979312]
[6.49733409]
[8.66116301]
[10.9151951]
[12.57103811]
[10.66067503]
[9.82347809]
[12.87228106]
[12.46273012]
[10.73025505]
[11.64503707]
[12.59034702]
[9.82407315]
[10.59545707]
[10.30823509]
[9.92972215]
[10.40775404]
[11.68864106]
[10.62164305]
[9.8388921]
[9.72161902]
[9.68305307]
[8.17138925]
[10.468964]
[8.97620115]
[8.77992607]
[8.31539005]
[4.93047507]
[3.96905007]
[6.34484106]
[7.27592709]
[6.30404103]
[6.56715312]
[4.99329714]
[6.23603415]
[5.02212718]
[6.07879811]
[8.55161412]
[5.51771807]
[4.99161509]
[5.95609312]
[5.54244713]
[3.61779609]
[3.74413598]
Time detection: 22.31
[3.08167515]
[3.24919209]
[2.50262713]
[2.28184915]
[4.35174716]
[3.99241013]
Time detection: 01.37
[2.63497813]
Time detection: 00.20
[3.32191413]
Time detection: 00.27
[2.61434217]
[4.60721007]
[6.46425419]
[6.34306413]
[8.00109515]
[7.08607614]
[4.67259814]
[5.83786616]
[7.58322016]
[5.12090014]
[5.71863116]
[6.28057716]
[6.00268214]
[6.18436818]
[6.26871414]
[8.12954617]
[5.66095512]
[4.61192921]
[4.17356817]
[4.27815509]
[5.88740513]
[5.05640716]
[5.41645214]
[4.35392316]
[3.69747319]
[3.79448118]
[5.86155021]
[4.27515819]
[3.93367719]
[4.65219023]
[6.40570709]
[5.82339916]
[5.28521413]
[4.32618914]
[7.25496017]
[6.78304715]
[8.1721631]
[7.53954813]
[6.44100812]
[7.31024814]
[6.56741413]
[5.23922911]
[5.95075409]
[7.37039811]
[7.67343917]
[5.62320618]
[8.91324711]
[9.10465212]
[7.70080211]
[8.77992911]
[6.37507804]
[6.74989419]
[5.84335811]
[7.25649113]
[7.11933909]
[7.51482015]
[1.29448196]
[4.55782099]
[5.0715101]
[6.06992506]
[5.6451561]
[5.34777898]
[5.32928002]
[7.37764617]
[7.15263501]
[6.1572441]
[6.89790706]
[8.47279913]
[6.72360907]
[6.01422401]
[6.86955908]
[4.82413613]
[3.16929613]
[5.10869911]
[5.32409704]
[5.09096709]
[4.20078913]
[3.69004414]
[4.34661914]
[4.59227615]
[5.79014402]
[3.77178812]
[5.66887617]
[6.70563908]
[8.19578408]
[7.11564202]
[6.19572807]
[6.85484402]
[7.11248303]
[6.71003503]
[5.91584505]
[5.27186011]
[4.6685081]
[8.14128802]
[8.25464006]
[5.46252321]
[8.11876309]
[8.86357995]
[10.46649913]
[10.53826098]
[8.04686302]
[6.12167603]
[6.82189603]
[5.65785111]
[4.48882304]
[2.05749421]
[2.45849314]
Time detection: 28.97
[3.03022606]
[3.90409811]
[3.7131891]
[3.99593617]
[5.67881806]
[7.81443697]
[7.62192408]
[6.78579411]
[7.97174003]
[9.45980314]
[8.05811711]
[11.49665416]
[9.68698819]
[10.09582407]
[8.26156711]
[10.21057709]
[8.64014903]
[8.03459209]
[8.34437112]
[6.91818014]
[9.07107204]
[5.21128608]
[3.71695908]
[5.94934611]
[5.70477708]
[5.2647711]
[5.07622115]
[3.91147714]
[5.73269606]
[4.09332607]
[3.99511812]
[2.95553114]
Time detection: 08.82
[1.57902618]
[3.72829019]
[5.96825923]
[5.30421412]
[5.96666908]
[3.8454521]
[4.3728602]
[3.34891917]
[3.04311216]
[3.92549516]
[3.85239013]
[4.15462209]
[5.54794808]
[5.7715231]
[7.08909222]
[5.64412811]
[8.49616607]
[5.60176007]
[7.26528005]
[7.37823506]
[7.81820904]
[6.62538999]
[4.28250218]
[5.90408202]
[6.16917909]
[6.94250111]
[6.4686361]
[6.67813012]
[7.21831713]
[6.37964918]
[6.92325604]
[7.86901811]
[6.6319251]
[8.12672614]
[7.98050004]
[11.60742811]
[10.39460813]
[8.78413407]
[10.61180112]
[9.80618708]
[9.53299011]
[7.86594313]
[9.07375917]
[11.64206313]
[9.55392403]
[10.00757304]
[11.65781102]
[10.28393703]
[11.20325413]
[8.63737004]
[7.90509607]
[8.10579902]
[9.74849306]
[8.73148611]
[9.76443916]
[8.17108311]
[11.82473011]
[11.55329209]
[8.17389001]
[6.32397809]
[8.38162311]
[7.65392112]
[6.21392916]
[7.25739011]
[9.17958021]
[6.91056109]
[6.01455322]
[9.40615514]
[6.69668418]
[4.42001606]
[3.2388422]
[3.70269215]
[3.7022091]
Time detection: 22.82
[3.88209916]
[3.91300212]
[4.22653119]
Time detection: 00.86
[6.26246907]
[10.7850881]
[9.10587602]
[7.05485504]
[9.22182016]
[7.69560205]
[9.10673602]
[8.57755503]
[8.09243898]
[9.62141003]
[9.73478003]
[9.77319805]
[8.01007408]
[8.36701907]
[8.50527504]
[8.96267304]
[7.52152012]
[7.306091]
[9.15048503]
[6.05168309]
[5.90425601]
[3.51506505]
[4.26854506]
[2.21947203]
[2.94884207]
[5.91338099]
[3.35027305]
Time detection: 09.55
[4.94666695]
[4.39612097]
[3.31416305]
[5.37702606]
[3.81285003]
[5.73520105]
[5.40344504]
[4.76424008]
[7.57217106]
[5.49558902]
[5.58183205]
[6.89224803]
[5.7345961]
[5.40476905]
[6.27923004]
[7.37232607]
[8.88728813]
[9.15765103]
[6.65461705]
[9.13500194]
[9.88855603]
[9.87342203]
[10.803211]
[10.5519931]
[10.90939805]
[10.19454203]
[8.62388109]
[14.59216606]
[14.88975506]
[11.8035231]
[10.7055881]
[12.35610907]
[11.19544708]
[11.64357501]
[13.28563006]
[12.40461508]
[11.52448299]
[10.28913898]
[12.97259303]
[11.83228705]
[11.99575207]
[13.02322109]
[12.71382308]
[11.27954907]
[11.62265508]
[12.73162115]
[11.96385911]
[11.00246407]
[12.44433004]
[10.80150104]
[9.50158513]
[10.1142671]
[12.25372702]
[11.93803595]
[12.51754601]
[9.08942]
[9.452539]
[9.42576204]
[7.12509502]
[4.1919171]
[1.473495]
[2.00677908]
[4.33196602]
[2.41525007]
[3.93395408]
[1.64347905]
[3.43391701]
[3.12285506]
[2.60171407]
[2.95827907]
[1.27700503]
[3.20594703]
[2.30016704]
[0.78846905]
[1.24956101]
[2.39393109]
[3.09137408]
[3.62916408]
[5.38019009]
[4.472281]
[3.62072106]
[4.21039007]
[3.33527408]
[2.92503508]
[5.73910909]
[6.34947608]
[4.71980707]
[4.99325201]
[4.74503303]
[5.88150498]
[7.57147601]
Time detection: 26.03
[8.43234398]
[8.52295395]
[7.79139105]
[6.56524308]
[7.95478407]
[10.72327198]
[7.92478301]
[9.90050406]
[7.56955502]
[7.28855403]
[5.69390202]
[6.340217]
[7.22609903]
[6.18070706]
[6.91840503]
[8.79209706]
[8.80196911]
[6.82439913]
[8.15055997]
[7.16245012]
[8.568347]
[8.44039002]
[7.05168305]
[9.18570005]
[9.29696507]
[7.31965208]
[7.22807604]
[8.69792206]
[9.76421301]
[7.59736212]
[9.34827607]
[9.01069199]
[9.45200098]
[9.25243515]
[7.7613571]
[9.754251]
[7.66225506]
[7.78113313]
[8.27193711]
[8.49122299]
[7.07320404]
[6.74377805]
[8.44091797]
[7.54217907]
[5.67809508]
[3.40699409]
[4.60206007]
[4.60885709]
[4.20942511]
[5.87404507]
[5.11924302]
[4.14602404]
[5.06810502]
[5.57912907]
Time detection: 17.20
[4.11222008]
[4.3636171]
[4.8918241]
[4.03637506]
[4.8116491]
[4.22289804]
[5.23417213]
[4.94996012]
[4.03773608]
[5.76753512]
[5.86622909]
[4.49807808]
[6.80889711]
[5.09967211]
[6.45453609]
[3.90278812]
[5.15398607]
[6.38102608]
[5.67066906]
[6.93905906]
[5.75049405]
[6.12125806]
[5.47815113]
[5.994108]
[7.06185706]
[5.52649504]
[5.86196304]
[5.86457411]
[6.62130015]
[5.93573509]
[8.82573501]
[7.42329409]
[8.15282109]
[8.46780007]
[9.09511505]
[9.6441981]
[9.02034012]
[7.73459702]
[7.26063804]
[7.96249501]
[9.95609597]
[8.829039]
[11.93560608]
[9.59571607]
[10.62600307]
[9.063202]
[8.25287499]
[7.41618905]
[8.49786799]
[7.72628204]
[9.85317407]
[9.94772209]
[10.34992108]
[8.67259103]
[9.42983708]
[10.0796621]
[8.51022108]
[9.14708096]
[8.57261708]
[5.96624697]
[6.11618909]
[5.83442806]
[6.76178209]
[7.19734908]
[5.1388242]
[7.97863996]
[7.53152701]
[5.63384704]
[5.42070407]
[5.81805507]
[4.66612706]
[4.95367913]
[4.7375531]
[2.4683391]
[6.33860702]
[9.51511405]
[5.99898512]
[6.57044807]
[4.34275411]
[4.94973904]
[5.81919506]
[3.50992111]
[4.26713008]
[3.94787808]
[1.89523814]
[2.97544509]
[4.2648511]
[3.77918911]
[6.01468209]
[5.82610106]
[5.48226306]
[5.51155208]
[7.01980007]
[6.75986302]
[7.75389803]
[7.37594104]
[8.61323096]
Time detection: 27.91
[9.632034]
[9.71344803]
Time detection: 00.54
[10.036208]
[10.39605807]
[11.448295]
[10.18832798]
[8.23266699]
[9.86928904]
[11.40506902]
[11.83803397]
[11.64788103]
[9.56754105]
[9.40713098]
[12.31325907]
[13.86681905]
[9.62265797]
[10.21001704]
[9.53332112]
[8.12609599]
[8.200621]
[9.88088502]
[5.19514297]
[6.41805208]
[5.91768504]
[5.988989]
Time detection: 08.10
[0.45877305]
[2.40349503]
[3.08544304]
[2.34636005]
[3.41330103]
[3.43471003]
[4.20471602]
[3.64358999]
[3.32211003]
[6.34828707]
[5.15245903]
[9.31753408]
[7.69757809]
[7.75645006]
[5.6303941]
[5.83050802]
[7.44554708]
[8.86418803]
[10.9728141]
[9.4285031]
[8.43567207]
[7.92919606]
[12.45659003]
[10.06607408]
[8.10765703]
[10.96571097]
[11.17693809]
[9.208935]
[12.050006]
[10.931113]
[11.78023596]
[12.09208001]
[10.08844199]
[12.03732501]
[13.10524501]
[13.51321296]
[11.590574]
[12.572157]
[10.16011907]
[10.70966401]
[11.07499898]
[11.35473599]
[10.26198302]
[10.261535]
[11.64861707]
[10.71300501]
[11.05922411]
[7.87420408]
[9.54275203]
[6.09839901]
[11.87115995]
[6.81537904]
[6.12225003]
[5.16642202]
[4.11458211]
[5.54776303]
[4.17053305]
[4.65771698]
[4.01508304]
[5.29494205]
[5.05166603]
Time detection: 17.61
[5.96071104]
[6.45155201]
[7.55336101]
[5.92810107]
[5.36265404]
[9.05731997]
[8.28247303]
[8.49019199]
[7.49828116]
[7.95763313]
[8.16903502]
[7.4859861]
[5.81014703]
[5.60632903]
[6.48302212]
[6.53160413]
[8.36335302]
[8.18361012]
[6.52494309]
[8.40294499]
[7.71140397]
[9.19280293]
[9.40866503]
[8.87518397]
[9.27200307]
[9.55014899]
[8.74152898]
[6.21431898]
[7.75010113]
[7.64187205]
Time detection: 08.91
[9.81377007]
[11.16523419]
[9.00361501]
[9.00848298]
[10.56900896]
[7.8331031]
[10.63016806]
[6.483624]
[9.50783797]
[8.42944498]
[9.09828912]
[8.90891409]
[9.93023208]
[9.14847704]
[6.30933103]
[7.76429103]
[8.44893804]
[8.05082503]
Time detection: 06.69
[4.49627308]
[6.77797206]
[7.83064209]
[7.81490602]
[9.37034099]
[9.9096039]
[12.23112401]
[9.70809999]
[6.42080798]
[8.12990616]
[8.40059994]
[10.806676]
[9.49859195]
[11.00245305]
[6.774876]
[8.06583292]
[13.46935405]
[12.92014994]
[12.89743107]
[9.48651702]
[8.89802599]
[9.58303398]
[7.0146611]
[7.19748304]
[7.97374302]
[7.75283008]
[5.67802407]
[4.35597605]
[5.79526616]
[6.44084311]
[5.57745917]
[6.11945012]
[7.71462907]
[8.21967896]
[10.49919999]
[9.85486009]
[9.67326195]
[11.22668705]
[8.89562315]
[9.80982015]
[11.17957909]
[12.51152804]
[8.67030805]
[11.80342301]
[10.54056902]
[9.78610102]
[10.51678605]
[10.94254703]
[11.14327901]
[9.23685404]
[11.26811599]
[7.86645717]
Time detection: 17.35
[1.82937305]
Time detection: 00.38
[1.78931996]
[0.10978104]
Time detection: 00.51
[10.12582499]
[9.59078407]
[10.09553202]
[9.91611296]
[7.51514607]
[8.95417512]
[9.00417595]
[9.07510311]
[7.33766104]
[6.3859251]
[6.56972806]
[7.3866561]
[5.645383]
[5.66278291]
[7.42608899]
[5.09628405]
[11.10440398]
[5.5368571]
[7.04378007]
[7.66886811]
[6.08231707]
[7.0433071]
[9.04789999]
[7.88301296]
[11.88476497]
[5.59741202]
[7.63448911]
[8.34266203]
[4.62440205]
[4.90542908]
Time detection: 10.35
[3.81436611]
[6.49077908]
[9.48329204]
[10.45646603]
[10.551675]
[8.33606595]
[8.26375895]
[9.16484303]
[8.86074912]
[8.99919895]
[10.79352603]
[10.92695698]
[10.95017697]
[10.450329]
[11.90841105]
[10.84959506]
[10.18405107]
[11.13753206]
[11.00577103]
[10.85281408]
[9.82963102]
[10.17543599]
[5.73443104]
[7.02113409]
[7.54010308]
[7.90776699]
[8.68985604]
[10.896065]
[10.93464007]
Time detection: 09.99
[7.6872111]
[12.39431497]
[13.54866705]
[11.67465604]
[10.41336001]
[9.26504104]
[11.32314907]
[10.43486501]
[9.51244009]
[10.45181315]
[9.20241105]
[10.51199808]
[7.86644204]
[8.83584808]
[6.44048706]
[6.45737604]
[5.36891003]
[5.27519807]
[5.18327605]
Time detection: 06.40
[1.88302404]
[5.47953406]
[4.85940921]
[6.51158711]
[7.80013808]
[6.37086811]
[7.70086802]
[5.90771704]
[5.69476211]
[5.76481508]
[3.49087609]
[4.08197508]
[4.86467308]
[7.58377897]
[8.20011194]
[9.39547903]
[9.32795096]
[9.81178702]
[10.61131898]
[10.12710007]
[8.85134406]
[9.94958112]
[8.475945]
[7.87444096]
[8.761325]
[9.19989904]
[9.7921021]
[9.43188402]
[8.76919907]
[10.50733403]
[9.68709004]
[8.86685302]
[11.12175901]
[10.98211514]
[11.36171505]
[13.59988404]
[10.92644098]
[8.66530497]
[9.55780807]
[10.35807406]
[10.57591701]
[9.63995503]
[9.28114205]
Time detection: 13.47
[8.67272697]
[7.636675]
[7.18117003]
[5.2539391]
[3.47361898]
[4.88327405]
[6.93355996]
[9.55445897]
[7.23246305]
[9.66870503]
[9.52488605]
[8.77487111]
[9.47010211]
[9.36098402]
[11.28614504]
[7.13044502]
[5.71838809]
[6.03202603]
[6.39261011]
[6.07203204]
[4.82454505]
[2.67232908]
[3.91183106]
Time detection: 07.83
[3.31294811]
[3.03211806]
[4.95174013]
[4.80231508]
[5.05763604]
[6.9711791]
[6.64138512]
[8.63548707]
[6.50473106]
[6.87825706]
[6.6729821]
[6.60812704]
[6.13968609]
[6.15548302]
[9.35352504]
[10.18786797]
[10.30331707]
[12.78588512]
[9.8650651]
[9.09534503]
[7.119939]
[7.95379908]
[5.77238304]
Time detection: 06.21
[3.23558505]
[5.09306206]
[6.29072008]
[4.73561317]
[4.5965981]
[5.22813112]
[4.10758212]
[3.78114403]
[6.2331931]
[6.06289504]
[4.18034908]
[7.14898406]
[7.44816105]
[9.76883704]
[10.70827895]
[10.41063795]
[9.25479104]
[9.558185]
[8.57190705]
[10.13964095]
[10.561671]
[9.85436794]
[11.8845761]
[8.14537613]
[10.50357799]
[8.73538807]
[7.88343303]
[10.60692805]
[10.47361201]
[10.16340205]
[8.97239702]
[7.17938503]
[4.10033109]
Time detection: 10.90
[3.12205217]
[4.36024807]
[5.32074003]
[6.43836909]
[7.61944906]
[7.38325808]
[10.25007702]
[10.94108815]
[9.92210516]
[7.95569614]
[9.08477905]
[10.60665606]
[9.20234111]
[9.558507]
[11.39317708]
[9.76300505]
[7.41268404]
[7.26418307]
[4.55677705]
[4.55581106]
[2.39095912]
[3.56383003]
Time detection: 06.43
[4.30560902]
Time detection: 00.24
[2.39690008]
[3.83188502]
Time detection: 00.44
[4.594762]
[3.71915295]
[5.03800605]
[2.81950399]
[4.74833403]
[4.65055098]
[4.47405005]
[3.99074011]
[5.36263299]
[5.46867604]
[10.23190409]
[8.03406921]
[9.30110213]
[10.23377208]
Time detection: 03.42
[9.64039007]
Time detection: 00.38
[9.78858907]
[9.960813]
[10.19675099]
[10.33155002]
[9.35861308]
[9.47216608]
[12.33135905]
[11.48883307]
[10.89548416]
[6.04062308]
[7.55848708]
[6.31836605]
[6.48063105]
[6.85576504]
[6.50331308]
[2.88942807]
[3.16300607]
[2.7093601]
[2.15593709]
Time detection: 06.33
[3.39067202]
[5.74179409]
[5.37357609]
[6.29890912]
[7.93863909]
[6.58354501]
[6.37369706]
[6.41125209]
[11.32815802]
[8.41953505]
[10.14121907]
[9.79343701]
[8.92220304]
[11.02755402]
[9.82096106]
[9.49196605]
[9.34031703]
[8.16649212]
[9.67000801]
[9.62012407]
[7.35676007]
[6.83983813]
[9.33179911]
[9.98138808]
[9.35043003]
[11.18532407]
[9.3432241]
[10.99833308]
[8.3560801]
[9.85911006]
[8.43999413]
[8.7128421]
[9.26330014]
[9.90758099]
[2.08374408]
[10.72677703]
[11.61353011]
[11.20223303]
[9.94827104]
[10.89635706]
[11.47555309]
[11.58043305]
[10.16727398]
[11.52805904]
[10.80622507]
[10.18700602]
[11.05387308]
[11.02565305]
[12.60775503]
[12.22607313]
[10.38821195]
[10.15734807]
[12.36366708]
[9.4199771]
[10.61109806]
[11.35616909]
[8.70633011]
[9.54469808]
[8.41586009]
[4.52317708]
[6.14172808]
Time detection: 19.27
[6.79880296]
[5.50370901]
[9.26019605]
[7.73038002]
[10.49276509]
[10.18560304]
[11.27681411]
[11.25546506]
[9.72827304]
[9.16879108]
[5.79748608]
[6.67053407]
[6.1097402]
[7.38022708]
[6.7221651]
Time detection: 04.70
[4.05422509]
[4.5048271]
[3.53223308]
Time detection: 01.28
[2.8286861]
[4.15776506]
[3.73091211]
[4.14576208]
[5.45208307]
[3.68766709]
[4.19934904]
[4.34838506]
[4.84069505]
[4.35180708]
[2.62154911]
[3.73947208]
Time detection: 02.74
[2.0422831]
[2.56175799]
[2.24849913]
[4.30799903]
[5.69728708]
[8.98380006]
[8.33488302]
[9.03519203]
[10.34491804]
[9.21550707]
[9.87520509]
[6.95191613]
[7.91006202]
[8.49392124]
[8.54465206]
[8.39979907]
Time detection: 05.17
[7.04434811]
[8.34164005]
[9.78539505]
[9.43714107]
[11.78056199]
[11.49514597]
[11.186241]
[9.67474915]
[9.32636907]
[10.59074207]
[9.37874702]
[6.91872701]
[8.00806207]
[8.8160091]
[9.01139899]
[9.96658304]
[6.97029802]
[9.32863108]
[9.08959303]
[10.41424901]
[8.59000303]
[7.81794907]
[7.66568412]
[8.39228811]
[5.66455702]
[5.76397001]
Time detection: 08.89
[2.06224207]
[3.41221811]
[3.35423506]
[3.78491004]
[4.50360507]
[6.20491707]
[5.26776704]
[6.96720913]
[7.56054699]
[7.93783505]
[9.56381903]
[10.14251317]
[9.36859206]
[8.94307307]
[7.65896805]
[9.42525805]
[9.23639302]
[10.6075331]
[8.90157601]
[8.35280604]
[8.98129512]
[8.40172801]
[6.32673101]
[4.9215451]
[4.72679304]
[7.56645303]
[5.425563]
[6.90986603]
[8.62780102]
[11.74550701]
[10.39161402]
[9.86979696]
Time detection: 09.14
[9.52749812]
[6.99264398]
[10.0268131]
[10.91954906]
[7.56775209]
[6.93514005]
[7.00905106]
[6.29398108]
[6.44863314]
[5.47965107]
[3.30451601]
[3.13299502]
Time detection: 03.54
[5.03323612]
Time detection: 00.30
[3.94416909]
[5.30187706]
[2.78674706]
[5.10576511]
[5.37218504]
[6.89258507]
[6.40994007]
[6.27284314]
[6.44340502]
[6.62454809]
[5.58124209]
[6.1654671]
[6.21220603]
[5.9272271]
[5.79437809]
[6.950428]
[5.88672799]
[5.44021307]
[8.900713]
[9.73457406]
[8.27853205]
[6.52301606]
[7.44960412]
[8.88665701]
[6.00388402]
[9.63588712]
[9.96910998]
[12.35954009]
[9.70447905]
[10.8980991]
[8.86110513]
[7.68403211]
[8.35062306]
[7.70416309]
[6.76603705]
[5.02167007]
[4.57372807]
[5.18404508]
[5.81227409]
[5.62720615]
[4.76152106]
[4.877492]
[4.97091309]
[5.17790607]
[5.08273802]
[3.06621006]
[3.01175007]
Time detection: 12.04
[4.86890902]
[8.66474603]
[8.92050505]
[6.95025]
[7.044665]
[7.98722403]
[7.28071302]
[10.38367814]
[8.47752909]
[11.2563791]
[9.54023804]
[7.1681]
[9.03658502]
[6.44335108]
[8.49081709]
[10.09812604]
[10.99750701]
[9.40535005]
[10.75259903]
[12.96740601]
[11.71880905]
[13.14467211]
[11.90536812]
[11.23917208]
[10.77710512]
[10.696396]
[10.65734905]
[9.93583503]
[10.77058199]
[11.77368103]
[14.74320105]
Time detection: 09.78
[11.22164598]
[8.724138]
[6.98452197]
[9.27078298]
[10.60227112]
[10.80817612]
[8.59153711]
[9.5479231]
[7.52067101]
[7.18229313]
[3.73659705]
[3.25871603]
[3.67587211]
[3.04157505]
[5.03526209]
[5.83181205]
[3.10942304]
[2.9219681]
[4.17517412]
[2.43594316]
[1.6338941]
Time detection: 06.07
[3.27320803]
Time detection: 00.23
[5.439715]
[6.65776498]
Time detection: 00.41
[2.35209504]
Time detection: 00.23
[2.23925006]
[4.04094702]
[5.20402107]
[5.47382802]
[5.43143805]
[4.52496204]
[5.55005211]
[5.41388807]
[4.12420207]
[3.89803704]
[7.05560008]
[7.02688404]
[6.11625304]
[5.34877315]
[6.83139909]
[6.00602113]
[6.32892816]
[7.59916805]
[6.97797406]
[8.27606006]
[5.54094304]
[6.79659302]
[6.21518708]
[6.96450898]
[9.05079311]
[9.75874112]
[7.69477211]
[9.83707305]
[12.10463303]
[10.20026698]
[11.14760203]
[10.49751311]
[12.23364704]
[11.60432806]
[11.54925009]
[11.55065802]
[10.91789911]
[11.976013]
[11.22307807]
[10.27326408]
[9.3701]
[8.78441612]
[7.81767807]
[9.47874311]
[9.8855401]
[11.52835897]
[8.65814009]
[0.48255508]
[7.22781811]
[5.16617014]
[5.95081013]
[3.43840313]
[4.71217916]
[6.34866508]
[5.68145907]
[5.75786612]
Time detection: 15.68
[3.70813413]
[8.51027618]
[8.12058497]
[9.085041]
[7.19031009]
Time detection: 01.85
[10.92931904]
[8.99552689]
[9.0211839]
[9.80684287]
[11.255088]
[11.75274008]
[10.82264603]
[11.04262104]
[9.01341802]
[10.70019507]
[8.3057621]
[4.78717403]
[5.43722104]
[5.54691214]
[9.10516501]
[9.45766208]
[8.08191004]
[9.46987608]
[5.55733314]
[7.00416701]
[5.01575809]
[4.93416606]
[4.76276505]
[4.92497108]
[6.05827409]
[5.70473606]
[5.52933606]
[7.73544201]
[7.01580298]
[5.63249301]
[5.99771505]
[7.12786605]
[8.74267205]
[8.83772104]
[9.06977809]
[8.18381202]
[9.72677507]
[10.48864006]
[11.46835908]
[8.85448614]
[10.24891408]
[9.46189101]
[10.50876914]
[12.53938906]
[8.57052598]
[8.23528301]
[1.12904208]
[7.91366407]
[6.81965514]
[7.77296407]
[6.37788309]
[6.34654815]
[6.8487571]
[6.47987607]
[9.22173397]
[9.13448994]
[4.98088303]
Time detection: 17.30
[10.71797505]
[10.23550794]
[8.61299609]
[5.94085401]
[8.03178201]
[7.25619101]
[7.88242902]
[10.13853907]
[6.97211503]
[6.8601821]
Time detection: 03.54
[5.12580709]
[3.90527308]
[4.7229631]
[4.67317306]
[4.24645413]
[4.50497111]
[4.50606413]
[4.98305203]
[5.98000908]
[4.97848804]
[7.49814709]
[3.82481815]
[4.69720504]
[5.39140008]
[4.1988211]
[4.04267705]
[3.41616407]
[3.50591714]
[6.14219007]
[5.80672005]
[5.55919204]
[6.76371903]
[5.82685705]
[6.87451598]
[7.34406503]
[7.12916993]
[5.9917219]
[3.61876893]
[6.64507803]
[7.193185]
[10.10452597]
[3.8578541]
[4.34065117]
[4.89390305]
[6.10796403]
[7.24379]
[7.32663892]
[6.11066204]
[5.74963309]
[4.85630705]
[6.13340292]
[4.80812995]
[5.33645901]
[5.71036592]
[7.15982495]
[5.45251813]
[6.98562105]
[6.759561]
[6.428276]
[6.26313197]
Time detection: 10.89
[9.031283]
[9.27875409]
[10.44298814]
[7.75459401]
Time detection: 00.84
[11.93324004]
[11.38180406]
[9.58080304]
[11.45292313]
[11.73230315]
[9.91065909]
[12.47016603]
[9.53648011]
[8.60991908]
[12.27568895]
[10.2008971]
[11.35366495]
[12.10097199]
[11.32180808]
[11.94110102]
[9.93131603]
[12.59791193]
[10.64390505]
[10.00220705]
[10.62060511]
[1.39102302]
[8.57455303]
[6.2592391]
[6.03075307]
[4.902439]
[5.18521809]
[6.08338703]
[5.09380404]
[5.19674807]
[6.23576599]
[8.56756903]
[9.02032513]
[10.70920905]
[10.91253201]
Time detection: 11.59
[5.56175509]
[12.62992212]
[10.05505615]
[12.44948598]
[10.24692706]
[14.84070003]
[11.08745593]
[10.64581402]
[9.32701621]
[9.71291909]
[8.31781306]
[9.35704901]
[7.75865106]
[8.67631598]
Time detection: 04.86
[5.47349812]
[6.08228009]
[7.08986206]
[5.98095113]
[6.64141003]
[6.37564205]
[7.02042804]
[6.33491606]
[5.88727004]
[6.2411881]
[7.31398608]
[9.08002902]
[8.01339212]
[7.64579498]
[5.73144605]
[5.77984296]
[5.13739396]
[3.95553304]
[3.4143471]
[2.98613701]
[2.74588105]
[2.07109004]
[2.41207004]
[1.30839504]
[1.98399004]
[1.66061505]
Time detection: 06.02
[2.13951405]
[3.20744912]
[2.34074003]
[2.0896651]
[2.53214703]
[2.65590599]
[1.31693709]
[2.20660908]
[1.69102303]
[2.2562451]
[1.61795407]
[1.14730805]
[5.73058707]
[4.84326405]
[5.26878409]
[5.80374409]
[6.13159803]
[5.40280107]
[5.7837441]
[6.64293705]
[7.45375602]
[6.34904508]
[5.22831906]
[5.30205712]
[5.70371803]
[5.94395508]
[5.11944614]
[5.97946907]
[4.83535413]
[7.67168307]
[6.87072601]
[5.95879399]
[7.65939303]
[9.06978802]
[9.35468496]
[8.68556207]
[10.71914806]
[12.64221009]
[10.30198294]
[11.00455394]
[10.77270113]
[10.18948097]
[10.32304102]
[11.849447]
[11.3450841]
[11.00958499]
[12.5763799]
[11.419116]
[11.01409103]
[7.47988197]
[9.87153503]
[7.74321902]
[10.78476099]
[7.23223895]
[6.31270111]
[6.12669306]
[5.37535004]
[5.40092403]
[8.04858402]
[8.28164304]
[11.86465303]
[11.90909503]
[10.31330805]
Time detection: 16.83
[8.34453106]
[8.724505]
[11.25390498]
[11.21355301]
[11.34767302]
[12.14700611]
[9.581635]
[10.25983509]
[7.85430705]
[8.47079699]
[7.85866302]
[7.84495407]
[9.48328902]
[9.46731207]
[10.79957999]
[10.00880504]
[11.00643903]
[11.58853004]
[9.49352607]
[9.64290797]
[10.75837405]
[8.71063909]
[11.42751001]
[7.81484902]
[9.84967908]
[8.25081403]
[11.7098811]
[8.41260307]
[5.80179502]
[4.56695006]
[4.57051406]
[4.78253401]
[3.56277505]
[5.45859203]
[4.95961804]
[4.06745109]
[3.74433407]
[3.09228409]
[2.39983611]
[2.93594005]
[1.56126713]
[2.89539405]
[4.61233511]
[4.04097613]
[3.06591308]
[3.94333009]
[2.89331215]
[3.73247708]
[3.95085408]
[4.39236909]
[4.32451011]
[3.92392806]
[3.74687108]
[4.3314501]
[4.88017505]
[5.69527605]
[4.24165809]
[6.30042707]
[3.85238412]
[7.24817111]
[5.03020311]
[6.55307308]
[6.14711206]
[5.08343706]
[5.3680361]
[4.36640705]
[4.75167909]
[3.33289304]
Time detection: 19.30
[5.015828]
[4.63096407]
[4.44726301]
[6.674045]
[5.264842]
[4.18304102]
[6.56918399]
[3.43185803]
[3.15283107]
[4.43653505]
[5.18309207]
[3.74104399]
[7.78827508]
[4.21371406]
[4.24676513]
[7.23343905]
[6.30267502]
[4.89966609]
[6.3969641]
[5.74867612]
Time detection: 04.24
[10.40698305]
[11.4264931]
[12.39473711]
[10.83971106]
[7.84361208]
[9.33262607]
[8.45571913]
[8.73608415]
[6.16430406]
[6.62075603]
[7.56186309]
[11.13007913]
[8.0525482]
[12.04802611]
[12.05265516]
[13.42267017]
[11.85484899]
[11.42901108]
[10.17295903]
[11.921964]
[10.199538]
[10.45816606]
[10.25470502]
[12.25718003]
[11.00998316]
[10.03262617]
[10.22189313]
[11.70440605]
[12.76111802]
[10.58068907]
[7.59819404]
[6.60333898]
[5.16317004]
[5.25013609]
[6.88637609]
[4.37685219]
[5.71823804]
Time detection: 11.28
[8.43064101]
[10.01145805]
[9.81593305]
[8.25603397]
[10.16923506]
[10.61801303]
[10.4934671]
[12.61125292]
[10.72395998]
[10.94427692]
[8.50671696]
[10.90881297]
[8.38969788]
Time detection: 04.67
[11.72933402]
[7.59804397]
[10.67886798]
[7.12147102]
[10.59164495]
[10.71361701]
[9.86568204]
[10.97121903]
[8.39159597]
[7.80188004]
[7.19910208]
[5.38232006]
[6.46379005]
[6.03433308]
[5.81546808]
[5.6501641]
[2.95132416]
[4.33381801]
[3.32463011]
[3.74867302]
[1.43403105]
Time detection: 06.70
[2.63702805]
[1.61940405]
[1.91943699]
Time detection: 00.61
[0.59793503]
[2.7624211]
[4.18460008]
[6.63400815]
[4.29152398]
[2.41383408]
[2.72207603]
[4.11937206]
[5.84171308]
[4.82055307]
Time detection: 02.13
[6.84217803]
[9.43127504]
[9.06053407]
[8.97581401]
[7.77264908]
[9.46483001]
[7.97454104]
[10.29375007]
[10.67658606]
[11.02142804]
[9.73244311]
[9.57274596]
[8.17242011]
[10.01126509]
[9.79346805]
[11.37469108]
[11.47996806]
[11.14886796]
[11.16705205]
[12.56285201]
[11.77094402]
[10.32599398]
[9.48760716]
[11.92086399]
[11.03867896]
[9.93265503]
[9.62683797]
[9.61742702]
[9.77186495]
[8.89315902]
Time detection: 09.94
[10.15726796]
[7.45624099]
[4.18305712]
[4.65209606]
[5.84901004]
[7.68554507]
[6.12940995]
[10.03322701]
[9.35025201]
[7.86386505]
[6.91783107]
[7.55736899]
[8.81747302]
[7.7969501]
[6.32844807]
[7.50042706]
[6.08142597]
[5.06927803]
[7.24479204]
[6.84920907]
[5.16465609]
[5.76811602]
[10.97977105]
[10.8881561]
[9.65046896]
[10.84246022]
[10.47997303]
[11.62354103]
[9.07402404]
[7.26736008]
[5.75641604]
[7.23545611]
[5.17299406]
[5.62562402]
[5.64404103]
[6.39771009]
[7.34492007]
[5.06755502]
[6.96296807]
[10.8333031]
[12.24971113]
[12.68841909]
[9.71294508]
[11.1778321]
[10.26902521]
[9.15406717]
[8.50575018]
[8.92657008]
[9.6086121]
[9.31557613]
[8.73241514]
[9.18066605]
[10.20069412]
[9.20096098]
[10.33939301]
[9.78285902]
[10.89457104]
[10.37983806]
[9.67832401]
[9.57112106]
[10.20953206]
[8.81777403]
Time detection: 17.18
[8.733292]
[9.13455502]
[7.66981604]
[7.15963092]
[7.92144296]
[9.82495806]
[4.87059305]
[9.70945399]
[9.78993606]
[9.74826395]
[11.40438309]
[10.5660061]
[9.44620303]
[9.01103104]
[7.94974895]
[9.86428103]
[6.59146101]
[5.01164104]
[5.37447703]
[4.63340709]
[3.39793609]
[6.08594702]
[6.34578507]
[5.16869002]
[5.08788402]
[8.1281151]
[4.02728413]
[5.87589415]
[6.66873706]
[5.60561715]
[7.82497907]
[6.654495]
[5.87804514]
[5.48690804]
[4.68469907]
[5.46821007]
[5.68540111]
[4.66311707]
[5.90931304]
[5.91644613]
[4.82948204]
[5.84294011]
[5.44831511]
[5.47696906]
[4.92042709]
[3.94553906]
[5.05832908]
[2.17549013]
[2.1124671]
[1.97415514]
[3.32938115]
[2.3200751]
Time detection: 13.93
[5.84559097]
[4.26867409]
[2.19662102]
[3.40698202]
[2.45956606]
[2.8750311]
[4.73860703]
[3.3861212]
[4.19412808]
[2.85339709]
[2.912177]
[3.81141597]
[3.00097016]
[3.5838592]
[3.44634505]
[3.85522898]
[2.97304204]
[2.63674799]
[3.21384096]
[3.90782909]
[3.29032901]
[4.69437999]
[5.50351407]
[2.39988212]
[4.87829603]
Time detection: 05.39
[1.43991707]
Time detection: 00.23
[7.68470412]
[6.85779405]
[6.44724294]
[7.60363505]
[6.94102803]
[6.48149405]
[7.68298099]
[5.15040405]
Time detection: 01.89
[2.39890208]
Time detection: 00.21
[3.8374921]
[2.1428701]
[3.76157411]
[2.89660415]
[3.43102905]
[4.03290406]
[3.93102607]
[2.87122104]
[5.6381761]
[3.85761408]
[2.13753403]
[3.1620851]
[3.70863305]
[3.52524703]
[6.06425612]
[5.222494]
[8.19192705]
[10.38028223]
[8.31903104]
[9.00278502]
[12.19720912]
[12.06144106]
[13.14054599]
[13.49352501]
[13.02924697]
[9.39003698]
[10.98600704]
[10.58918202]
[10.67348303]
[13.12098303]
[13.47979001]
[11.99615808]
[12.7076789]
[1.47761513]
[11.17754605]
[10.69734096]
[8.2863079]
[6.27369695]
[4.68537699]
[6.15013297]
[5.54413098]
[5.94872593]
[7.1134109]
[6.10716404]
[8.44463095]
[8.48621198]
[10.24445595]
[10.86696298]
[6.83274198]
Time detection: 14.84
[10.01745408]
[12.78247006]
[10.06699002]
[7.72596501]
[10.68568301]
[8.1406401]
[9.64589302]
[9.04003096]
[6.42196501]
[4.53553601]
[4.74047911]
[4.20754315]
[2.74963406]
[2.69731907]
[1.12351001]
[2.48195608]
[3.44975908]
[5.67634102]
[4.86960412]
[5.62271806]
[3.54031907]
[3.12690408]
[2.8034481]
[2.12737417]
[4.21236706]
[4.15990416]
[4.1210371]
[3.74240113]
Time detection: 07.71
[3.69025113]
[4.12051313]
[6.20212709]
[5.93401908]
[5.26557708]
[6.16655112]
[5.22884901]
[4.17156306]
[4.10027705]
[5.37783412]
[6.66186008]
[6.31922411]
[6.03216903]
[4.39218906]
[2.4970081]
[4.59822405]
[3.5115951]
[3.2994061]
[3.77728914]
[4.21815512]
[4.88670909]
[5.04139512]
[3.52316911]
[3.54966409]
[5.62190111]
[7.45448002]
[8.28839006]
[6.87714904]
[5.35530507]
[8.43939503]
[6.35705808]
[8.19168199]
[9.06998203]
[10.53576903]
[9.94182403]
[8.72023404]
[9.92340604]
[9.92311008]
[9.06803104]
[9.125177]
[9.44523199]
[13.58725297]
[8.74919403]
[9.01047792]
[11.15379897]
[9.43340199]
[8.35804109]
[8.00438701]
[9.69488107]
[9.2424411]
[9.9573811]
[10.06398704]
[11.41984202]
[6.80862811]
[6.96689912]
[5.1505991]
[3.83476504]
[3.97942211]
[4.68980511]
[6.80133211]
[6.1059601]
[6.023826]
[5.28437905]
[8.166658]
[10.59679199]
Time detection: 17.10
[11.87520395]
[10.31098102]
[10.84354595]
[10.19166294]
[9.08532996]
[10.54754193]
[8.05048392]
[8.00290107]
[9.14675803]
[8.83760201]
[10.49699703]
[6.83177607]
[5.78055403]
[6.01446799]
[5.78419698]
[5.60437703]
[4.85813612]
[2.60101801]
[3.77992306]
[6.35277007]
[4.52948606]
[2.5386991]
Time detection: 07.20
[6.61508307]
[5.50896599]
[8.42627912]
[6.72802512]
[5.63110202]
[3.06493121]
[8.72087506]
[8.54005709]
[6.25965323]
[6.99561715]
[5.86942816]
[6.66138913]
[7.00531108]
[6.19975314]
[7.48751816]
[7.98433408]
[8.02261917]
[9.5348471]
[8.1718291]
[9.83554009]
[9.91801505]
[8.61289505]
[8.34366201]
[10.93628902]
[11.33660803]
[9.38278403]
[9.34765598]
[9.35638105]
[9.0804561]
[7.25766895]
[7.84269802]
[3.98178107]
Time detection: 07.29
[4.38633812]
[4.80845503]
[6.96485102]
[9.93045899]
[7.93013703]
[9.90513409]
[6.26792599]
[9.49569999]
[5.311493]
[5.45703494]
[3.63712403]
[5.36254606]
[5.22102005]
[4.05199812]
[3.74966708]
[2.20346613]
[1.58483611]
Time detection: 03.96
[3.19230209]
[3.41623211]
[3.91690507]
[5.78871107]
[6.63323904]
[7.13027701]
[6.883466]
[7.6840851]
[7.38453402]
[5.97489403]
[5.91803598]
[6.19009609]
[5.81841507]
[6.25044205]
[7.27768109]
[5.9128821]
[6.58263406]
[8.8017231]
[8.56054802]
[8.06370607]
[7.348251]
[11.60385501]
[8.53275901]
[9.65909305]
[8.12913801]
[9.94274599]
[10.87104609]
[9.8180941]
[10.15263902]
[9.7567381]
[9.06685803]
[9.02250599]
[7.52740211]
[9.08484198]
[6.13436912]
[5.77410903]
[5.48922909]
[5.09638604]
[5.62893906]
[3.03696007]
[4.53234707]
[6.54749]
[7.88644205]
[7.42129306]
[2.4229991]
[11.74847398]
[10.98328798]
[10.54928703]
[5.16958402]
[9.54057705]
[11.544933]
[10.65102401]
[10.02597797]
[14.16079001]
[10.38107007]
Time detection: 16.46
[6.65789308]
[4.78698712]
[6.38561605]
[4.18855612]
[6.28127206]
[9.23281705]
[11.338671]
[11.76658202]
[8.21102504]
[6.75100701]
[6.65740004]
[5.96123202]
[1.65884311]
[2.21551303]
[2.42696909]
[2.64404304]
[3.68405909]
[1.89677011]
[1.98973113]
[2.01113716]
[1.44704714]
Time detection: 06.15
[2.868732]
Time detection: 00.20
[1.53140412]
[5.08100802]
[4.96258009]
[3.2178041]
[4.61431812]
Time detection: 00.98
[4.62330608]
[3.68926915]
[2.94990206]
[0.13472805]
[4.00413007]
[2.10841714]
[0.94242009]
[2.72344507]
[2.69881505]
Time detection: 01.83
[3.05343414]
[4.34797114]
[3.09872113]
[3.22938515]
[3.69559705]
[3.51610816]
[3.62170511]
[2.33641111]
[3.76707913]
[2.05749708]
[6.50827504]
[4.223965]
[4.41054203]
[4.748955]
[5.23560211]
[6.54793799]
[7.51799597]
[8.47210205]
[7.71229099]
[9.57308303]
[11.86494901]
[8.17396113]
[9.14884317]
[8.33302499]
[11.74859315]
[10.84106711]
[11.60236805]
[11.04105607]
[9.31166711]
[10.24706013]
[10.96408709]
[9.40601907]
[8.80900903]
[10.90628313]
[13.92139706]
[11.60095407]
[9.54458604]
[5.96298505]
[6.683581]
[3.14308621]
[4.12822201]
Time detection: 10.15
[4.03752312]
[5.75238092]
[9.97761393]
[11.28198206]
[9.66548707]
[10.38511006]
[9.57071494]
[8.61496403]
[6.80482491]
[10.23531704]
[10.425308]
[9.18604009]
[9.73662608]
[10.13522404]
[8.59116897]
[8.88253102]
[11.62050199]
[10.67052306]
[7.75895004]
[6.21492609]
[6.48417315]
[5.71902415]
[9.68156705]
[3.77441616]
[5.29272711]
Time detection: 07.15
[4.3663851]
[6.09792116]
[5.72174405]
[6.28026209]
[5.44613309]
[8.19437312]
[7.42478712]
[6.0936291]
[5.94138417]
[6.25987607]
[5.56848312]
[5.70942706]
[5.40455313]
[6.40321714]
[6.26931412]
[5.14135415]
[6.75266608]
[6.69869213]
[6.91134715]
[7.74711307]
[8.74367707]
[8.94992605]
[11.94821109]
[8.53186716]
[9.45482418]
[10.6579732]
[7.89517312]
[10.43363413]
[8.96782307]
[8.94994299]
[7.7272051]
[6.22679407]
[7.76097203]
[8.504584]
[7.96616218]
[8.51971604]
[12.5702281]
[7.42057013]
[8.01424413]
Time detection: 10.83
[2.74441102]
Time detection: 00.47
[4.25768198]
[7.48174101]
[6.4745961]
[6.21332314]
[5.53694908]
[7.24116309]
[7.68055008]
[8.15790211]
[6.5354101]
[6.29571419]
[4.95770611]
[6.34286611]
[5.97528309]
[5.75479309]
[3.9447351]
[4.39898418]
[4.24401817]
[4.2167922]
[2.60521914]
[1.99959715]
[3.74263817]
[3.28227218]
[3.92275614]
[3.55169112]
[5.86550822]
[5.50964518]
[5.1743352]
[3.31374721]
Time detection: 07.48
[3.64794003]
[4.69279509]
[4.25559405]
[2.76685009]
Time detection: 00.87
[4.983065]
Time detection: 00.26
[3.64962304]
[4.36719108]
[5.03955895]
[4.75036106]
[4.89331504]
[3.95826804]
[6.37013408]
[5.74001906]
[5.352361]
[6.750266]
[6.43704108]
[3.08658505]
[6.12728304]
[5.3845031]
[4.70009005]
[5.44332003]
[5.2855061]
[6.21295413]
[7.1372231]
Time detection: 04.12
[9.14624112]
[6.27259415]
[5.56661812]
[6.85473614]
[9.22709114]
[8.55266523]
[6.66155209]
[7.0586971]
[5.67334211]
[6.17029909]
[6.27058911]
[8.45038314]
[7.71207608]
[7.66178812]
[9.13741117]
[9.63451715]
[10.58409214]
[9.54324703]
[10.71678401]
Time detection: 05.52
[1.92716303]
Time detection: 00.29
[2.20433303]
[7.11043209]
[6.83039006]
[10.21076104]
[6.2444131]
[7.53695704]
[9.02027703]
[5.88017408]
[7.22683001]
[7.71234602]
[8.48119]
[9.60727598]
[10.65494108]
[7.45975514]
[6.68855801]
[9.53887809]
[7.27799306]
[7.04345507]
[7.07368406]
[6.64975912]
[5.22843311]
[5.79269604]
[6.85366105]
[5.70985611]
[7.81985511]
[9.32683404]
[8.68989603]
[8.43192501]
[5.25086009]
[6.52696116]
[4.65701317]
[5.44663913]
[4.04140213]
[4.60179413]
[4.74432716]
[4.87040511]
[3.66353006]
[5.31582909]
[4.66497913]
[4.0651391]
[4.80792111]
[4.68461518]
[4.70732713]
[4.93260013]
[5.07999315]
[3.74513517]
[4.45608214]
[4.27590015]
[3.48430713]
[2.76081507]
[3.62237517]
[4.12590111]
[3.57760306]
[3.8591981]
[4.86400007]
[2.80750706]
Time detection: 15.65
[4.23451814]
[4.99181306]
[5.13717208]
[6.72992416]
[4.9146661]
[5.50398912]
[5.8097511]
[6.2211931]
[5.3177411]
[5.29335911]
[5.84862909]
[4.87980109]
[3.47502315]
[2.7618912]
[3.4424781]
[4.90472709]
[4.22029313]
[5.5959611]
[7.83865615]
[5.28095015]
[6.46689311]
[8.45293115]
[7.80738709]
[6.83923214]
[8.92823013]
[10.63936209]
[9.97591708]
[8.69766613]
[10.50929208]
[11.06518613]
[12.99266212]
[1.67926316]
[11.71764913]
[13.62095112]
[10.62271809]
[10.52127904]
[8.83379209]
[6.00777199]
[6.88220705]
[9.51449504]
[7.337692]
[3.91798606]
Time detection: 11.16
[7.53552405]
[5.89793208]
[7.52597401]
[5.99875711]
[6.5883871]
[6.11971705]
[8.72268113]
[8.9921501]
[10.26524411]
[10.61982012]
[11.03274604]
[8.96599302]
Time detection: 03.76
[10.17029907]
[4.50385211]
[3.28501495]
[7.22019201]
[10.84997413]
[10.37630904]
[10.66324715]
[11.67482309]
[9.96195203]
[11.90189511]
[9.12791712]
[9.40848506]
[7.51859007]
[8.48115498]
[9.19994709]
[7.85343607]
[8.79301502]
[7.47848711]
[7.00996905]
[9.70844308]
[7.43584404]
[7.01673014]
[7.24227309]
[7.15757708]
[5.84248205]
[5.57539906]
[5.51122015]
[4.36771312]
[4.00519115]
[4.04398714]
[3.57440012]
[6.22579215]
[4.84792612]
[3.90174815]
[4.03971011]
[4.23884612]
Time detection: 11.04
[3.10729806]
[3.25708617]
[3.26912309]
[6.25259211]
[6.37638105]
[7.7222691]
[5.92874011]
[7.17083509]
[8.38039214]
[9.38574006]
[10.92747605]
[8.87437304]
[8.06371305]
[9.17471611]
[10.36243999]
[9.40648203]
[11.29222514]
[11.5595401]
[8.94170406]
[12.16616615]
[9.76886004]
[10.16263106]
[9.48500606]
[8.51835602]
[8.97478008]
[9.48587399]
[8.253544]
[8.83769706]
[9.44320406]
[14.05437908]
[10.72169797]
[8.16463202]
[6.12536103]
Time detection: 09.24
[6.19877412]
[7.18056611]
[4.8286032]
[5.13562713]
[3.71534319]
[6.9861521]
[6.09493312]
[5.21833314]
[4.1894041]
[5.32626608]
[3.51633514]
[3.45231211]
[3.62445712]
[4.41449114]
[5.40116913]
[3.71556912]
Time detection: 03.79
[2.02844404]
[1.45696907]
Time detection: 00.43
[1.57562614]
Time detection: 00.22
[1.97867001]
Time detection: 00.23
[1.86147315]
Time detection: 00.20
[2.04846906]
Time detection: 00.22
[4.87685807]
[5.86469906]
[5.94730804]
[5.54025105]
[6.7892381]
[7.50780109]
[6.20651201]
[6.89918901]
[5.14071402]
[5.13901008]
[4.72180905]
[4.13310102]
[5.12211005]
[8.548131]
[6.82990592]
[7.26296108]
[7.59054304]
[6.26848611]
[8.37800188]
[8.49023191]
[7.34768495]
[4.85955201]
[6.54421699]
[7.3559931]
[7.32722704]
[7.29853099]
[8.16937798]
[8.64370699]
[7.32399611]
[8.16588812]
[12.08523212]
[11.63955015]
[9.83189809]
[13.06369314]
[10.3521682]
[8.73669909]
[9.81103415]
[12.18047521]
[9.70324009]
[8.56137809]
[9.48643902]
[10.41614609]
[10.67285108]
[11.54523705]
[10.33489497]
[10.33310603]
[11.1507621]
[11.59371801]
[10.42903003]
[9.64252298]
[11.23319793]
[0.60422913]
Time detection: 14.13
[11.00576902]
[9.23103508]
[12.71735712]
[9.99049703]
[11.7071291]
[10.63149625]
[9.31320002]
[9.74454613]
[9.40936706]
[11.0320172]
[11.06151813]
[8.77194202]
[9.97847203]
Time detection: 04.13
[8.54680204]
[8.68447404]
[6.25378504]
[5.19252103]
[6.57517611]
[6.38342914]
[6.24377717]
[5.25622707]
[7.73773712]
[5.53795912]
[4.8844431]
[8.07097615]
[5.7599841]
[6.80524109]
[5.65573216]
[7.00148609]
[7.11605416]
[4.81909015]
[4.20090912]
[2.24940617]
[3.19628416]
[2.54321414]
[4.3701162]
[3.14722815]
[3.18038616]
[3.24190115]
[2.54769814]
[3.39251119]
[2.43365912]
Time detection: 07.58
[4.23165407]
[5.11796107]
[4.15983706]
[6.57756203]
[4.96329614]
[6.15020807]
[7.02818101]
[6.46166005]
[6.35856004]
[5.94280409]
[5.55412208]
[7.26416206]
[6.21331001]
[6.04982004]
[3.31145397]
[3.90818614]
[5.00401109]
[3.31236402]
[5.19738704]
[5.97655506]
[4.27349403]
[5.3484841]
[4.06618706]
[4.31974407]
[5.43623305]
[2.69177005]
[2.83108213]
Time detection: 05.77
[4.35493716]
[2.25394512]
[4.11182706]
Time detection: 00.60
[5.30667607]
[5.86667607]
[4.21669909]
[5.45338309]
[4.53284611]
[4.21269914]
[5.04801708]
[3.30159015]
[3.55853205]
[3.78999307]
[3.14762608]
[6.28892405]
[5.85602504]
[8.51327702]
[10.0784411]
[11.10750804]
[10.64907708]
[11.0826671]
[10.60945009]
[11.52317815]
[10.76523614]
[9.99920906]
[9.26748506]
[11.84737606]
[9.86673806]
[10.04612704]
[9.59541906]
[8.84284206]
[5.78266206]
[8.62675309]
[8.3828741]
[9.50761406]
[8.11049305]
[9.74423013]
[10.50291114]
[9.83891006]
[10.14252816]
[9.64939015]
[9.23909902]
[8.99408806]
[8.96682305]
[10.15642705]
[9.89565902]
[9.89311306]
[10.49374802]
[10.06467915]
[10.65693712]
[10.55524613]
[8.50440909]
[9.64404304]
[10.00406609]
[11.4528811]
[9.96254602]
[7.18271709]
[6.79434207]
[5.21633616]
[8.14794713]
[5.88852306]
[9.50063801]
[10.08741004]
[8.679348]
[9.54998915]
[7.73302709]
[7.30029714]
[8.19287007]
[9.50714217]
[5.86053306]
[6.45816008]
[8.01100813]
[6.1088171]
[6.47499511]
[8.13286111]
[7.82018806]
[7.75156703]
[8.8165241]
[8.62327406]
[7.50719409]
[9.22599409]
[9.57711112]
[5.30245611]
[5.55402408]
[6.31656906]
[7.99752307]
[7.87680713]
[8.76318313]
[8.54209716]
[9.98984415]
[9.62710712]
[8.66820517]
[7.57286818]
[8.5276881]
[8.45027111]
[6.8233481]
[7.32335112]
[7.79347615]
[9.37425318]
[8.22341408]
[7.4118841]
[8.0459991]
[5.18727608]
[4.48252503]
[9.76426516]
[8.07116508]
[9.17391015]
[8.45037513]
[8.34613612]
[8.06072415]
[8.44994212]
[7.8505691]
[7.3331691]
[8.25276805]
[8.57462711]
[9.24460203]
[7.85036796]
[10.02309406]
[7.892591]
[6.7080671]
[12.29719017]
[10.18546703]
[9.5262021]
[9.93456414]
[10.66338816]
[11.54484615]
[10.11047909]
[9.57314911]
[10.34624006]
[6.31661008]
[7.99900709]
[9.13490813]
[10.44402205]
[9.86685306]
[9.73157014]
[10.06415414]
[9.95703213]
[7.95355214]
[11.46934412]
[7.78347712]
[1.85633407]
[9.15039506]
[5.60317913]
[6.48380405]
[6.33048309]
[4.08386006]
[4.47479112]
[5.19938702]
[6.67529811]
[1.88456208]
Time detection: 18.06
[3.14058007]
[5.54504913]
[5.53234808]
[6.27808015]
[5.71462913]
[5.54016911]
[6.99684511]
[5.79428512]
[5.83372512]
[5.99153017]
[4.68033914]
[5.32341812]
[5.65057912]
[5.68761812]
[5.23133014]
[3.67108615]
[3.92639108]
[4.67282205]
[5.52405411]
[4.48274309]
[5.94150413]
[7.69227814]
[10.79310714]
[12.42648608]
[11.61009412]
[11.81055119]
[9.77489812]
[9.63752009]
[8.7915701]
[6.94383614]
[9.15138311]
[9.75877708]
[8.76316609]
[10.87272512]
[9.91861111]
[9.74607306]
[11.33726805]
[10.54152718]
[10.17863907]
[11.02249711]
[10.69566306]
[8.36309006]
[7.87414008]
[8.16744695]
[8.47592695]
[6.52371002]
[7.35149404]
[7.21331802]
[6.94071409]
[6.94414001]
[8.12881703]
[10.10959808]
[9.31031109]
[11.63325801]
[12.31096915]
[8.43564012]
[9.44545015]
[10.23198107]
[8.87421618]
[7.01431308]
[4.63349508]
[3.87280307]
[3.9690822]
[5.76596211]
[5.2516381]
[4.27690616]
[3.35970516]
[2.9648921]
[3.17960608]
[1.82151613]
[2.0130321]
[3.3699941]
Time detection: 18.90
[1.8259331]
Time detection: 00.18
[2.68182601]
Time detection: 00.52
[4.05510306]
[3.20175603]
[4.70769096]
[5.868439]
[4.21590591]
[5.47460003]
[4.40332804]
[4.49757804]
[7.69389697]
[8.39496797]
[4.75485702]
[5.35417706]
[4.52377504]
[4.37482007]
[3.96892204]
[4.19270207]
[2.9072001]
Time detection: 03.22
[3.24653802]
[3.44796301]
[6.02443598]
[3.36733403]
[2.99327604]
[3.94168407]
[3.76940507]
[4.52894106]
[4.14568805]
[3.93132302]
[5.64112405]
[3.44981703]
Time detection: 02.32
[3.39431603]
[3.60209199]
Time detection: 00.37
[2.75286607]
[4.09652914]
[3.30916613]
[3.27753409]
[4.24419617]
[2.85956607]
[1.96003705]
[3.87464602]
[4.29889713]
[3.23037714]
[4.93387108]
[5.53621813]
[6.78810114]
[7.37706108]
[7.93782009]
[7.98768314]
[8.48182312]
[6.08259717]
[6.69608217]
[7.74768809]
[7.87972108]
[8.62389214]
[8.85606609]
[12.09189413]
[9.32862715]
[9.32373409]
[11.10804911]
[9.9280842]
[8.4678351]
[9.77247206]
[11.33782901]
[11.02672509]
[4.15424713]
Time detection: 08.22
[6.12599109]
[4.90845109]
[7.31750011]
[7.37662012]
[6.92938512]
[8.34189114]
[8.10691508]
[8.27341701]
[6.72408813]
[7.62005817]
[6.73782912]
[7.35965703]
[6.13965611]
[7.83726105]
[6.94518912]
[6.99940813]
[8.20773307]
[6.66820208]
[6.77058211]
[6.83531207]
[6.87098616]
[6.1344451]
[7.14510609]
[6.61885616]
[6.97386804]
[7.6305061]
[8.44673905]
[7.01150814]
[10.44186506]
[9.40288005]
[9.41005505]
[10.10921005]
[8.31496604]
[10.94644006]
[8.07391402]
[9.45533007]
[7.34514105]
[12.37428505]
[8.78673998]
[10.06665219]
[11.70158007]
[9.00348795]
[9.57233608]
[8.67497902]
[12.05518009]
[9.8662681]
[10.28784718]
[11.44249703]
[9.40138801]
[10.11993195]
[8.66177811]
[8.5741661]
[7.94610503]
[7.12123807]
[5.5536351]
[8.01595905]
[6.33647003]
[7.44219905]
[6.75404604]
[8.17265605]
[8.02592208]
[5.3551641]
[6.87473511]
[5.40471608]
[6.30186006]
[4.86489115]
[3.30610912]
Time detection: 19.05
[3.92649509]
Time detection: 00.22
[2.35353604]
Time detection: 00.26
[3.39290705]
[3.53559112]
[6.01832313]
[5.71885414]
[6.2885611]
[5.0192701]
[5.28765515]
[3.58246816]
[4.77633309]
[3.55220114]
[3.80649711]
[4.9214031]
[4.40461306]
[5.05713007]
[3.4750591]
[3.45812916]
[3.77810718]
[3.87581016]
[3.24495615]
[3.59279417]
[4.07803911]
[2.09106809]
[3.14534311]
[2.64462408]
[3.10179509]
[3.82615714]
[5.65346914]
[8.3612741]
[9.00454714]
[8.43438011]
[8.53101711]
[8.75064812]
[8.31246108]
[7.5311901]
[8.81861508]
[8.77295904]
[10.38992119]
[10.68189715]
[10.03157106]
[10.19290709]
[9.82612204]
[10.3289802]
[5.48202915]
[6.95593409]
[11.62364612]
[10.33087813]
[8.02020401]
Time detection: 10.81
[11.27668798]
[10.00784006]
[8.64328303]
[6.87034005]
[9.77740904]
[6.69013109]
[8.39866811]
[10.3109141]
[8.41416007]
[9.24383808]
[9.07113799]
[7.562526]
[5.406105]
[4.54557112]
[5.01917195]
[5.33314096]
[4.66612191]
[5.26681393]
[5.1830371]
[4.1769581]
[4.76708594]
[4.28505194]
[3.35110206]
[3.68004912]
[7.59459306]
[7.49650609]
[9.11982994]
[6.89067401]
[7.67960408]
[7.63498007]
[10.79619112]
[9.66918312]
[11.75442103]
[10.47117814]
[10.23057921]
[8.71737011]
[7.56183012]
[11.37511612]
[9.88688911]
[10.00244013]
[8.95531813]
[9.65635108]
[8.5301881]
[8.00879715]
[7.81355712]
[6.50903612]
[5.9179251]
[6.88147412]
[6.36407213]
[5.31941716]
[5.75416014]
[6.4103391]
[5.54839104]
[5.17371811]
[3.66309104]
[5.64339115]
[3.02400813]
[3.83666705]
Time detection: 14.98
[1.63271914]
[2.96512613]
[2.53380814]
[3.73815211]
[4.65886113]
[4.21184216]
[3.68339315]
[4.05592809]
[4.34587908]
[4.78706912]
[7.56663714]
[5.64144414]
[6.00784003]
[7.14263806]
[5.41957515]
[7.22868006]
[8.15722217]
[8.06803914]
[8.73163318]
[7.36278913]
[6.77645215]
[7.45660817]
[8.12169814]
[6.86152312]
[7.08132803]
[9.03379604]
[10.71182911]
[12.26920912]
[11.12322501]
[10.87617408]
[9.57423307]
[10.30252709]
[12.3049651]
[12.76256113]
[11.04838212]
[12.55685208]
[11.03518012]
[8.879347]
[11.91785112]
[10.63315411]
[10.5752281]
[9.2962061]
[8.54370601]
[8.84848704]
[8.73491602]
[7.86903302]
[7.48037117]
[8.9790571]
[9.24613202]
[9.723201]
[9.38658601]
[8.80189012]
[9.42183217]
[8.90770215]
[9.3832041]
[11.71670509]
[11.55940905]
[11.91621005]
[12.40281017]
[11.36346607]
[7.63683008]
[7.93447322]
[10.38777407]
[10.92559008]
[1.65324416]
[7.91340304]
[8.74688506]
[9.34904208]
[8.96953022]
[9.48421511]
[8.59370812]
[7.81159905]
[5.87589316]
[5.89339815]
[5.55696712]
[6.14411106]
[5.72756409]
[4.74754709]
Time detection: 20.78
[4.44575806]
[6.92023609]
[6.75942811]
[6.66261215]
[6.95540417]
[7.33194511]
[6.80170509]
[7.07985511]
[6.07785215]
[5.88261815]
[5.89517911]
[5.35999116]
[5.71406319]
[5.12777515]
[5.81558508]
[5.33354713]
[4.4853951]
[6.17357106]
[4.46838016]
[4.51065717]
[5.38185216]
[4.22279311]
[4.34948511]
[5.30814318]
[5.11483115]
[4.69145519]
[5.06576507]
[5.79559214]
[6.05205305]
[6.29342815]
[6.42295014]
[4.826217]
[7.28522106]
[8.24518014]
[9.17416406]
[9.28612009]
[9.38601807]
[9.50204102]
[11.03375316]
[10.33465805]
[11.06480814]
[8.56869811]
[11.41417601]
[12.09354219]
[10.3943931]
[9.98875413]
[10.78593205]
[10.91476409]
[10.7859361]
[10.22977408]
[10.7849531]
[11.32685611]
[12.38439811]
[12.48271609]
[13.0348361]
[11.26792212]
[10.12194211]
[9.02836907]
[10.87904711]
[12.84271311]
[9.28166103]
[11.02689608]
[11.48123904]
Time detection: 17.01
[6.01412804]
Time detection: 00.40
[7.27520112]
[8.05705399]
[9.71488307]
[8.87693102]
[11.39871402]
[10.51523206]
[11.17178501]
[10.8755171]
[8.4938891]
[10.3950141]
[11.58221406]
[10.5502381]
[9.61422205]
[9.44838312]
[10.01917208]
[7.19248514]
[5.32292814]
[4.40988111]
[8.68329413]
[7.75804511]
[8.14121916]
[3.20531714]
[4.09294816]
[6.68690611]
[8.65808709]
[8.36751308]
[8.03355007]
[9.9096261]
[7.58067607]
[7.54356908]
[7.13934507]
[8.16460206]
[8.80070615]
[7.10791114]
[8.32180316]
[7.93724807]
[8.10063014]
[7.46474513]
[7.64306911]
[7.00900006]
[8.68147511]
[8.99835809]
[8.27602905]
[8.81368205]
[8.15983007]
[9.02424903]
[8.17174708]
[8.68889916]
[10.78470308]
[11.25]
[10.33443207]
[10.46362709]
[11.20181308]
[11.73869801]
[10.84388305]
[10.71605309]
[8.81906109]
[13.0810091]
[9.59172802]
[12.14109411]
[8.5677751]
[12.71277711]
[9.85100009]
[7.56875611]
[6.62704916]
[5.94756904]
[6.29793908]
[8.13277512]
[8.83503301]
[10.42147006]
[10.37430907]
[9.20910215]
Time detection: 15.94
[4.10491497]
Time detection: 00.44
[10.14891411]
[11.89030302]
[10.04379508]
[11.18007116]
[12.95815811]
[10.37597906]
[11.58154607]
[9.26665005]
[10.38976913]
[8.50134301]
[7.24747409]
[8.4449011]
[7.68017606]
[4.06669112]
[5.90123609]
[3.95554915]
[4.70984312]
[3.3135191]
[3.59877212]
[2.14349117]
Time detection: 06.35
[1.50063908]
Time detection: 00.23
[1.6647421]
[3.05002116]
[2.44916114]
[2.84266713]
[3.99407812]
[5.06736806]
[3.59152317]
[2.97281008]
[4.82780813]
[2.40426316]
[4.15441915]
[4.71948808]
[4.87298214]
[4.89845516]
[4.87298214]
[5.23661214]
[5.02182518]
[1.83189906]
[3.5600561]
[3.59275014]
[3.15069316]
[5.14623808]
[5.35432609]
[4.10614708]
[4.5342471]
[3.14409711]
[3.52168422]
[4.26216309]
[2.84862014]
[4.46140317]
[4.47733513]
[4.15889812]
[5.31316913]
[6.76859314]
[6.34565009]
[8.34111019]
[10.43586607]
[9.54227409]
[8.59522311]
[7.130596]
[9.01504806]
[9.2944482]
[8.57209214]
[10.39345407]
[10.16475008]
[10.38769715]
[8.09128215]
[13.14445012]
[9.575031]
[11.36535408]
[11.49298413]
[8.98149806]
[8.11563508]
[9.55271116]
[9.02832504]
[10.14704001]
[7.48271004]
[10.00954813]
[6.88254897]
[10.02315303]
[8.22614909]
[12.46089314]
[12.27683508]
[11.51221301]
[4.54303216]
Time detection: 16.13
[4.11188312]
Time detection: 00.52
[6.90672015]
[7.04327003]
[8.14882203]
[8.30387404]
[8.40375905]
[7.16287408]
[7.38737308]
[6.15094008]
[7.5455921]
[8.15157914]
[6.1865741]
[7.37546215]
[6.37666009]
[5.0077001]
[4.74915009]
[4.47080509]
[4.95524412]
[5.05304215]
[3.62325612]
[2.16409409]
[3.56009814]
[1.65923117]
[2.97589909]
Time detection: 06.40
[4.59524106]
[5.59272705]
[2.6860011]
Time detection: 00.63
[3.93970214]
[4.01378512]
[6.17515116]
[6.39249714]
[4.1241021]
[3.68025513]
[4.18634314]
[5.23081912]
Time detection: 01.73
[4.57874111]
[2.56193413]
[6.41595913]
[4.57558013]
[5.38864503]
[5.43709117]
[5.53167424]
[6.5128502]
[5.14863911]
[5.69134111]
[1.86573417]
Time detection: 02.36
[5.13782813]
[8.17134702]
[11.75313106]
[7.31750001]
[8.13476307]
[8.08261409]
[9.64101509]
[8.48033512]
[9.3861111]
[8.41537899]
[10.87382403]
[10.76020104]
[8.71456216]
[9.76891007]
[10.31845112]
[10.00908703]
[9.96244713]
[9.81695007]
[7.51192209]
[9.01078005]
[8.01793805]
[6.90567212]
[8.57151514]
[8.45603411]
[9.04435413]
[10.28188807]
[8.27372707]
[7.81313096]
[7.84268803]
[7.35463713]
[6.50839811]
[4.3907981]
[7.01001808]
[6.5782651]
[6.32406005]
[6.90774512]
[7.87687405]
[5.87278911]
[5.77625706]
[6.02468507]
[6.23677604]
[5.839391]
[6.01674109]
[6.51660307]
[4.99256614]
[7.23821701]
[8.07501201]
[8.62013015]
[11.98503904]
[11.20583708]
[9.77346319]
Time detection: 14.80
[0.80031901]
[6.53722407]
[7.21548508]
[5.30084605]
[5.83410407]
[6.55728607]
[7.24287613]
[7.02105905]
[5.89988906]
[3.5271981]
Time detection: 02.97
[3.28468416]
[5.26425314]
[5.23881012]
[8.29941909]
[11.0590371]
[11.42112409]
[11.41986012]
[11.47708212]
[11.25704116]
[10.34735008]
[9.17412406]
[4.94823112]
[4.97412419]
[4.90944307]
[6.3794942]
[7.90687306]
[8.1760251]
[8.98774407]
[8.54994613]
[9.74528206]
Time detection: 05.88
[2.55053911]
[5.8996791]
[8.11802412]
[7.21162009]
[8.43404706]
[10.86154301]
[9.26730407]
[9.14353318]
[10.18195817]
[8.10970706]
[5.51144503]
[7.07445719]
[6.79281907]
[7.18124007]
[7.4151621]
[8.93238116]
[8.55887909]
[9.65670114]
[7.8204851]
[11.46767308]
[7.36189009]
[7.69945007]
Time detection: 06.53
[6.12498816]
Time detection: 00.22
[10.06735001]
[9.42449008]
[8.59659711]
[9.50635307]
[11.46722109]
[10.16305704]
[8.57688405]
[9.53955401]
[9.77806106]
[10.29641406]
[10.26085316]
[8.84394111]
[10.88310113]
[10.74142701]
[12.89040899]
[9.23312395]
[11.43071003]
[7.76228907]
[8.78544001]
[10.01617103]
[8.7984451]
[8.66342103]
[7.69477605]
[5.19718217]
[7.31026416]
[8.01460602]
[5.31260407]
[8.13035204]
[10.16560899]
[7.4317101]
[7.84049212]
[4.30055715]
[3.93589824]
[1.9577531]
[5.15555208]
[4.57449419]
[4.16431709]
[5.23691116]
[4.27958218]
[5.40609414]
[4.96252118]
[6.01024515]
[4.81126708]
[4.61021113]
[4.16115313]
[2.70916515]
[5.1556551]
Time detection: 13.91
[4.19343918]
Time detection: 00.21
[4.23586113]
Time detection: 00.22
[3.68879812]
[3.93921112]
[4.00578015]
Time detection: 00.64
[3.89885515]
Time detection: 00.27
[3.14233213]
[2.71308216]
[4.79393514]
[4.73704811]
[6.28348011]
[5.98889012]
[6.04126208]
[6.24526413]
[5.34856008]
[5.72013309]
[5.37413212]
[5.57053701]
[4.74003608]
[5.6849641]
[5.83572108]
[6.1116721]
[6.60597209]
[7.71804908]
[7.18066105]
[8.68065712]
[7.24034306]
[7.4146251]
[7.41605413]
[9.64555209]
[7.98371709]
[9.79630713]
[11.39075211]
[10.83692312]
[10.14244715]
[10.59674009]
[12.17458211]
[12.34631502]
[9.67326514]
[10.90788611]
[11.46926708]
[10.15612299]
[12.23273712]
[12.81686208]
[9.330977]
[10.31154801]
[8.68205404]
[9.00638013]
[9.21088102]
[9.93335404]
[12.82604618]
[9.04939409]
[8.20101506]
[9.98234209]
[9.72865209]
[9.75602313]
[9.23057712]
[9.85210006]
Time detection: 15.38
[5.07144013]
[7.36137401]
[8.42799107]
[4.98706802]
[6.30081199]
[7.36099318]
[6.48973306]
[6.22927005]
[6.02169308]
[5.19026499]
[3.62736709]
[4.57563206]
[3.44055214]
[3.84755514]
Time detection: 04.33
[2.08383714]
[2.93953514]
[2.5263441]
[4.01083413]
[3.19624411]
[1.95503314]
[3.63738714]
[3.4873861]
[4.1267141]
[2.72135711]
[3.82443811]
[3.51566814]
[3.44933913]
[2.67266412]
Time detection: 02.99
[3.18227102]
[3.68249707]
[3.7940631]
[5.01297703]
[5.61055016]
[5.86001114]
[5.61400311]
[4.2778291]
[5.17884511]
[5.55040207]
[4.35667212]
[5.03021603]
[2.34322609]
Time detection: 02.84
[1.79033806]
[2.40455313]
[3.88129108]
[4.89298912]
[6.1515441]
[7.36948008]
[5.27633604]
[3.96814603]
[3.25313203]
[3.34861403]
[5.0411891]
[2.76410704]
[3.01802208]
[2.89977609]
[2.95727091]
Time detection: 03.34
[2.72409402]
Time detection: 00.21
[1.46958008]
[1.95655205]
[3.07236607]
[4.355376]
[5.02313303]
[5.39410302]
[4.42657403]
[6.08414012]
[6.2357351]
[8.46445116]
[11.88566114]
[8.76095216]
[12.91279911]
[10.33709212]
[12.7816031]
[10.94588115]
[9.3950891]
[9.46408412]
[11.39893813]
[11.96752416]
[11.94754813]
[10.61514604]
[11.08387599]
[10.98661614]
[13.43026915]
[12.99042202]
[9.36451003]
[8.44538222]
[8.66504911]
[6.93711919]
[7.27944214]
[9.13986906]
[2.57676104]
[9.66740197]
[9.13691707]
[10.83505415]
[11.49553908]
[12.9355541]
[9.98112702]
[8.89808717]
[8.90635306]
[8.04153902]
[9.55710611]
[13.11853901]
[13.21822508]
[10.30287002]
[10.94172709]
[9.66753313]
[8.86525402]
Time detection: 14.88
[6.82270809]
[7.19610409]
[7.98830411]
[4.869791]
[6.41762906]
[7.8721171]
[7.91454109]
[7.28119005]
[8.05951818]
[5.5261641]
[6.00442611]
[4.57887112]
[3.58777906]
[3.65261715]
[3.02103913]
Time detection: 04.35
[1.30530314]
Time detection: 00.22
[1.92210307]
[3.38081212]
Time detection: 00.41
[2.84569108]
Time detection: 00.19
[2.79538813]
Time detection: 00.21
[2.05066709]
[2.11135614]
Time detection: 00.53
[2.40433899]
[1.68124105]
[4.57944406]
[8.22232602]
[7.05647409]
[6.404369]
[7.26700904]
[3.92125302]
[5.19783108]
[4.11606704]
[4.30929009]
Time detection: 02.36
[7.62988011]
[7.509912]
[8.04509903]
[6.8513501]
[6.1326171]
[5.97112611]
[7.56010508]
[6.4509741]
[5.53453609]
[6.70638207]
[7.56046305]
[7.61766006]
[9.10433714]
[7.198875]
[8.32695507]
[7.26721011]
[8.06439813]
[7.59938002]
[8.12876314]
[7.84179807]
[9.72636912]
[8.15885319]
[9.97157711]
[8.37997812]
[10.66595903]
[7.80062209]
[10.26129107]
[7.54579209]
[6.87906521]
[11.68407909]
[9.02537507]
[8.64974708]
[11.14694004]
[8.28470104]
[7.43568211]
[8.49973609]
[7.44268608]
[8.80279207]
[6.84663517]
[7.44917304]
[2.7470731]
[5.62097506]
[3.47309011]
[2.80057617]
[2.58499306]
[3.02798206]
[3.50588408]
[4.58467213]
[5.96390108]
[3.47745717]
[4.47254914]
[2.35018212]
[5.80116803]
[6.27701212]
[7.5527511]
[7.78661712]
[6.29577411]
[10.18557912]
[6.83327403]
[5.2461831]
[6.96179513]
[8.60894611]
[7.80406513]
[9.3407661]
[6.89967416]
Time detection: 18.51
[7.2868281]
[7.91510905]
[8.9808031]
[8.64162705]
[9.15906806]
[9.82037001]
[10.61586113]
[9.32847009]
[9.3782071]
[7.39163313]
[7.99247108]
[7.39300711]
[6.25043814]
[7.83060712]
[8.36096011]
[9.26747213]
[9.18746608]
[7.79912905]
[6.93758919]
[7.07803215]
[7.13555805]
[9.07800105]
[8.14795718]
[10.09252001]
[9.70102108]
[10.29266709]
[10.57139302]
[10.47825813]
[12.15015115]
[11.15651111]
[10.22731614]
[9.80907806]
[9.41114707]
[8.49621906]
[8.65350601]
[10.09983608]
[8.5814411]
[8.53075909]
[7.46260605]
[8.8813131]
[8.17405613]
[6.825203]
[7.47562911]
[9.04300206]
[8.20574503]
[7.76706517]
[9.6662569]
[7.77590115]
[8.37374506]
[10.46772408]
[8.876996]
[10.58888203]
[9.64931611]
[8.95727506]
[6.03801706]
Time detection: 16.56
[4.07496114]
[4.07947612]
[4.62959409]
[4.70201809]
[6.07251309]
[4.94253204]
[5.4195011]
[7.79189307]
[6.02922324]
[8.55092411]
[9.18389711]
[7.10698209]
[7.54696208]
[8.75101811]
[9.23706316]
[4.70307216]
Time detection: 04.75
[6.57868608]
[7.71692514]
[8.42174223]
[10.161872]
[7.43005408]
[6.85422805]
[6.68660403]
[6.61199612]
[7.76009007]
[7.00256704]
[7.19010408]
[6.45228008]
[6.94807902]
[7.3372351]
[6.31487209]
[6.5319881]
[6.43432604]
[6.6630821]
[7.1408601]
[6.94864512]
[7.76566516]
[7.16876115]
[7.76974305]
[7.25688808]
[7.24538305]
[7.16752717]
[7.0382211]
[5.21838212]
Time detection: 09.54
[3.18495714]
[2.99813902]
[0.59093316]
Time detection: 00.83
[3.23456814]
[4.10013414]
[4.21648215]
[5.45798613]
[3.39477813]
[3.42498422]
[4.33949413]
[3.18180803]
[3.87556012]
[5.18358106]
[4.4797441]
[4.71030514]
[8.22485507]
[6.38077313]
[7.45158806]
[6.17136602]
[9.62646503]
[6.68255908]
[8.51223107]
[8.83585508]
[7.78620304]
[9.72399114]
[9.70330005]
[10.50590401]
[9.86499801]
[8.94281714]
[11.52730011]
[9.93018214]
[9.68444911]
[9.31488306]
[9.77385207]
[9.10010604]
[11.71347911]
[8.63520402]
[9.77775903]
[8.92903404]
[10.82691702]
[11.89555608]
[10.16297308]
[10.69746515]
[11.66135812]
[8.52491115]
[8.96116107]
[8.79903012]
[10.19244613]
[9.17421517]
[8.41833909]
[7.97837107]
[10.51462913]
[11.20980608]
[11.68896405]
[10.78058105]
[9.38043006]
[10.85368512]
[3.80107415]
Time detection: 16.61
[7.58710511]
[8.64477102]
[8.72166404]
[9.2481501]
[7.06776307]
[7.14228911]
[6.20254107]
[6.8265431]
[6.81013415]
[7.54969108]
[5.75183711]
[5.04461812]
[2.58506212]
Time detection: 03.99
[1.34950314]
[2.61364315]
[2.54900214]
[1.68838711]
Time detection: 00.83
[1.59347913]
Time detection: 00.23
[1.60382615]
[2.2858631]
[0.59512307]
[1.35438415]
[2.70953709]
[2.23144114]
[0.84913509]
[2.55682916]
[2.07994116]
[1.51866617]
[2.46710815]
[4.43111217]
Time detection: 02.46
[3.96598112]
[5.11190513]
[3.35428516]
[3.70682111]
[5.46643112]
[3.04076915]
[6.64025012]
[6.8977352]
[10.06286413]
[7.86245115]
[8.57193417]
[8.15265112]
[8.19035314]
[6.95247814]
[7.32524505]
[6.92686613]
[6.72315809]
[6.90705216]
[7.3189931]
[7.4666981]
[7.03773113]
[6.88995411]
[9.3519292]
[9.21215903]
[9.09424106]
[8.90343906]
[9.92094102]
[11.53202115]
[8.54527212]
[10.54689407]
[8.7593431]
[7.80889811]
[8.32292013]
[9.79996413]
[7.8347621]
[8.26342613]
[7.94965612]
[5.72212312]
[7.15697507]
[9.34710405]
[7.98231713]
[9.1207751]
[6.16366903]
[7.79881807]
[8.27208504]
[7.8191071]
[7.61892316]
[7.72542715]
[10.95120706]
[9.00931511]
[10.53358008]
[9.57824995]
[8.68002307]
[8.89623706]
[8.80257606]
[10.45444215]
[8.67491911]
[9.29697607]
[10.13506613]
[9.22514912]
[10.84164013]
[9.73925512]
[9.20246716]
[9.10524812]
[11.41789713]
[10.39494614]
[8.65939212]
[10.11351013]
[8.81950715]
[9.47985103]
[13.2587412]
[3.59024208]
Time detection: 22.31
[6.91149906]
[2.72607102]
Time detection: 00.65
[3.8901161]
[2.89322506]
[3.61418312]
[3.93345505]
[2.59823508]
[2.67548406]
[3.31226505]
[2.78585507]
Time detection: 02.27
[5.65599798]
[4.025526]
[6.99697803]
[6.29676506]
[6.68907013]
[8.94407214]
[10.51646915]
[10.57648406]
[10.12660112]
[10.70749113]
[10.90361407]
[9.12240801]
[11.72197606]
[10.14207206]
[9.07498607]
[7.3364071]
[9.81198603]
[8.77104507]
[8.33564104]
[6.93908604]
[7.07006911]
[5.61791706]
[10.20385605]
[8.14699306]
[7.50016407]
[7.12517603]
[9.90479502]
[9.08447401]
[7.91756111]
[9.3870551]
[8.73169908]
[7.9606481]
[7.44045007]
[6.69744009]
[6.83729917]
[8.08015602]
[6.95225006]
[6.69257107]
[6.95828403]
[7.30062109]
[9.14374907]
[8.54589508]
[9.26032307]
[10.14625111]
[10.3364761]
[10.66656321]
[13.21626913]
[9.27059499]
[10.33251102]
[12.9340922]
[12.13741805]
[10.91579408]
[11.12486812]
[7.90289095]
[8.36374809]
[9.34091808]
[10.91111811]
[11.90195804]
[9.24790811]
[8.79615897]
[9.69400801]
[12.39307205]
[8.42625714]
Time detection: 18.88
[2.3561211]
Time detection: 00.42
[6.67307504]
[3.69923612]
[2.21355605]
[1.51771407]
Time detection: 01.39
[1.35994505]
[3.22016107]
[4.26037603]
[5.77099813]
[6.58417907]
[7.33690606]
[4.43323006]
[4.37860003]
[7.36309211]
[6.67063006]
[8.30306905]
[7.13158507]
[9.84443007]
[6.67205909]
[7.23303704]
[8.44435112]
[8.6954311]
[6.80379208]
[9.10888807]
[7.41868212]
[6.41541907]
[5.88581812]
[6.43596704]
[8.38443801]
[8.35333815]
[7.35838412]
[5.4060641]
[3.74290616]
[3.23559009]
[2.72550215]
[4.72211811]
[2.64402015]
[3.41177509]
[3.40634705]
[2.65267811]
[2.67373116]
[3.12687317]
[4.95241014]
[5.15158514]
Time detection: 11.25
[2.52576413]
[3.88661813]
Time detection: 00.34
[1.95806518]
Time detection: 00.19
[2.0890871]
[1.85285107]
[0.32669007]
Time detection: 00.59
[1.40436803]
[1.75477008]
[1.33959007]
[1.92893105]
[3.20819403]
[2.57566104]
[1.82171407]
[2.31900507]
[3.30735605]
[2.86413305]
[3.65211801]
[2.772883]
[4.96082404]
[3.33802206]
[3.94741409]
[4.55173916]
[2.77096504]
[2.82923009]
[1.94047511]
[2.69397104]
[4.41371307]
[4.17768708]
[8.17255915]
[5.78960508]
[8.39235918]
[10.19051515]
[9.88000614]
[11.95487216]
[11.61450016]
[11.52972214]
[9.14988908]
[9.15461413]
[8.95387507]
[10.50645207]
[10.1016171]
[12.58238208]
[12.10078607]
[12.69572413]
[9.61744502]
[11.0714241]
[11.51386408]
[12.31357711]
[11.1259591]
[9.31815812]
[10.98185219]
[10.04591517]
[9.80587903]
[8.14731317]
[8.53305012]
Time detection: 12.00
[4.14250509]
[3.14100412]
[1.4280441]
Time detection: 01.25
[4.76103218]
Time detection: 00.42
[4.12499206]
[3.9004171]
[2.44274004]
[3.61459409]
Time detection: 01.48
[4.1811501]
[2.81622809]
[1.83389207]
[3.42420214]
Time detection: 01.49
[3.71780008]
[4.86032214]
[3.74923608]
[6.24212811]
[2.03960605]
[5.4368891]
[3.61161901]
[2.59613503]
[0.29555108]
Time detection: 03.41
[2.03784805]
[4.13722712]
[5.08127811]
[2.61671306]
[6.44669607]
Time detection: 01.79
